run_id,treatment_id,factor_A,factor_B,factor_C,factor_D,factor_E,seed,num_stars,ship_speed_c,max_reach_ly,first_contact_occurred,contact_type,time_to_first_contact_years,contact_distance_ly,contact_disposition,systems_before_contact,archeological_relics_found,total_systems_explored,max_expansion_radius_ly,planets_habitable_surveyed,planets_with_life_surveyed,planets_with_intel_surveyed,planets_with_spacefaring_surveyed,prime_directive_encounters,colonies_founded,colonies_active,total_earth_colonies,colonies_collapsed,colonies_sovereign,colonies_secession_hostile,colonies_secession_loyal,total_human_pop_millions,total_fleets_activated,earth_final_lc,max_colony_lc,delta_lc_max,colony_surpassed_earth,total_starbases,fallen_starbases,total_trade_routes,total_wars,simulation_duration_years,log_filename
1,1,-1,-1,-1,-1,-1,43,3101,0.082,1.56,False,Solitudine / Nessun Contatto,,,Nessuna,2,0,2,1.48,2,2,2,1,1,0,0,0,0,0,0,0,8500.0,2,1.005,1.005,0.0,False,0,0,1,1,93.57,monte_carlo_run_1_seed_43.log
2,1,-1,-1,-1,-1,-1,44,3101,0.079,1.47,False,Solitudine / Nessun Contatto,,,Nessuna,1,0,1,0.0,1,1,1,1,0,0,0,0,0,0,0,0,8500.0,2,1.0,1.0,0.0,False,0,0,0,0,0.02,monte_carlo_run_2_seed_44.log
3,1,-1,-1,-1,-1,-1,45,3101,0.056,1.06,False,Solitudine / Nessun Contatto,,,Nessuna,1,0,1,0.0,2,2,2,1,1,0,0,0,0,0,0,0,8500.0,2,1.0,1.0,0.0,False,0,0,1,1,0.02,monte_carlo_run_3_seed_45.log
4,1,-1,-1,-1,-1,-1,46,3101,0.079,1.6,False,Solitudine / Nessun Contatto,,,Nessuna,1,0,1,0.0,1,1,1,1,0,0,0,0,0,0,0,0,8500.0,2,1.0,1.0,0.0,False,0,0,0,0,0.02,monte_carlo_run_4_seed_46.log
5,1,-1,-1,-1,-1,-1,47,3101,0.078,1.62,False,Solitudine / Nessun Contatto,,,Nessuna,1,0,1,0.0,2,2,2,1,1,0,0,0,0,0,0,0,8500.0,2,1.0,1.0,0.0,False,0,0,1,1,0.02,monte_carlo_run_5_seed_47.log
6,1,-1,-1,-1,-1,-1,48,3101,0.071,1.58,False,Solitudine / Nessun Contatto,,,Nessuna,1,0,1,0.0,3,3,3,0,3,0,0,0,0,0,0,0,8500.0,1,0.985,0.985,0.0,False,0,0,1,3,0.02,monte_carlo_run_6_seed_48.log
7,1,-1,-1,-1,-1,-1,49,3101,0.133,2.89,False,Solitudine / Nessun Contatto,,,Nessuna,1,0,1,0.0,1,1,1,1,0,0,0,0,0,0,0,0,8500.0,2,1.0,1.0,0.0,False,0,0,0,0,0.02,monte_carlo_run_7_seed_49.log
8,1,-1,-1,-1,-1,-1,50,3101,0.054,1.21,False,Solitudine / Nessun Contatto,,,Nessuna,1,0,1,0.0,1,1,1,1,0,0,0,0,0,0,0,0,8500.0,2,1.0,1.0,0.0,False,0,0,0,0,0.02,monte_carlo_run_8_seed_50.log
9,1,-1,-1,-1,-1,-1,51,3101,0.062,0.78,False,Solitudine / Nessun Contatto,,,Nessuna,1,0,1,0.0,2,2,2,1,1,0,0,0,0,0,0,0,8500.0,2,1.0,1.0,0.0,False,0,0,1,1,0.02,monte_carlo_run_9_seed_51.log
10,1,-1,-1,-1,-1,-1,52,3101,0.057,1.14,False,Solitudine / Nessun Contatto,,,Nessuna,1,0,1,0.0,1,1,1,1,0,0,0,0,0,0,0,0,8500.0,2,1.0,1.0,0.0,False,0,0,0,0,0.02,monte_carlo_run_10_seed_52.log
11,1,-1,-1,-1,-1,-1,53,3101,0.065,0.86,False,Solitudine / Nessun Contatto,,,Nessuna,1,0,1,0.0,3,3,3,1,2,0,0,0,0,0,0,0,8500.0,2,1.0,1.0,0.0,False,0,0,1,3,0.02,monte_carlo_run_11_seed_53.log
12,1,-1,-1,-1,-1,-1,54,3101,0.098,2.17,False,Solitudine / Nessun Contatto,,,Nessuna,2,0,2,2.12,2,2,1,1,0,1,1,1,0,0,0,0,8500.23,2,1.0,0.883,-0.1174,False,0,0,0,0,121.68,monte_carlo_run_12_seed_54.log
13,1,-1,-1,-1,-1,-1,55,3101,0.148,2.21,False,Solitudine / Nessun Contatto,,,Nessuna,3,0,3,1.45,1,1,1,1,0,0,0,0,0,0,0,0,8500.0,2,1.003,1.003,0.0,False,2,0,0,0,148.59,monte_carlo_run_13_seed_55.log
14,1,-1,-1,-1,-1,-1,56,3101,0.064,1.52,False,Solitudine / Nessun Contatto,,,Nessuna,2,0,2,0.96,3,3,3,1,2,0,0,0,0,0,0,0,8500.0,2,1.006,1.006,0.0,False,0,0,2,3,85.81,monte_carlo_run_14_seed_56.log
15,1,-1,-1,-1,-1,-1,57,3101,0.094,1.46,False,Solitudine / Nessun Contatto,,,Nessuna,1,0,1,0.0,3,3,3,1,2,0,0,0,0,0,0,0,8500.0,2,1.0,1.0,0.0,False,0,0,2,3,0.02,monte_carlo_run_15_seed_57.log
16,1,-1,-1,-1,-1,-1,58,3101,0.141,2.29,False,Solitudine / Nessun Contatto,,,Nessuna,1,0,1,0.0,1,1,1,1,0,0,0,0,0,0,0,0,8500.0,2,1.0,1.0,0.0,False,0,0,0,0,0.02,monte_carlo_run_16_seed_58.log
17,1,-1,-1,-1,-1,-1,59,3101,0.145,3.42,False,Solitudine / Nessun Contatto,,,Nessuna,9,0,9,7.34,2,2,2,0,2,0,0,0,0,0,0,0,8500.0,1,0.812,0.812,0.0,False,7,0,0,1,738.06,monte_carlo_run_17_seed_59.log
18,1,-1,-1,-1,-1,-1,60,3101,0.136,3.06,False,Solitudine / Nessun Contatto,,,Nessuna,3,0,3,3.72,1,1,1,1,0,0,0,0,0,0,0,0,8500.0,2,1.002,1.002,0.0,False,1,0,0,0,170.98,monte_carlo_run_18_seed_60.log
19,1,-1,-1,-1,-1,-1,61,3101,0.127,1.54,False,Solitudine / Nessun Contatto,,,Nessuna,1,0,1,0.0,1,1,1,1,0,0,0,0,0,0,0,0,8500.0,2,1.0,1.0,0.0,False,0,0,0,0,0.02,monte_carlo_run_19_seed_61.log
20,1,-1,-1,-1,-1,-1,62,3101,0.122,1.6,False,Solitudine / Nessun Contatto,,,Nessuna,2,0,2,1.59,1,1,1,1,0,0,0,0,0,0,0,0,8500.0,2,1.0,1.0,0.0,False,0,0,0,0,94.66,monte_carlo_run_20_seed_62.log
21,1,-1,-1,-1,-1,-1,63,3101,0.077,0.93,False,Solitudine / Nessun Contatto,,,Nessuna,2,0,2,0.9,3,2,2,0,2,1,1,1,0,0,0,0,8500.05,1,0.975,0.717,-0.2576,False,0,0,0,1,46.81,monte_carlo_run_21_seed_63.log
22,1,-1,-1,-1,-1,-1,64,3101,0.057,1.31,False,Solitudine / Nessun Contatto,,,Nessuna,1,0,1,0.0,2,2,2,1,1,0,0,0,0,0,0,0,8500.0,2,1.0,1.0,0.0,False,0,0,0,1,0.02,monte_carlo_run_22_seed_64.log
23,1,-1,-1,-1,-1,-1,65,3101,0.127,2.0,False,Solitudine / Nessun Contatto,,,Nessuna,1,0,1,0.0,1,1,1,1,0,0,0,0,0,0,0,0,8500.0,2,1.0,1.0,0.0,False,0,0,0,0,0.02,monte_carlo_run_23_seed_65.log
24,1,-1,-1,-1,-1,-1,66,3101,0.132,2.28,False,Solitudine / Nessun Contatto,,,Nessuna,1,0,1,0.0,3,3,3,0,3,0,0,0,0,0,0,0,8500.0,1,0.985,0.985,0.0,False,0,0,1,2,0.02,monte_carlo_run_24_seed_66.log
25,1,-1,-1,-1,-1,-1,67,3101,0.065,0.87,False,Solitudine / Nessun Contatto,,,Nessuna,1,0,1,0.0,2,2,2,1,1,0,0,0,0,0,0,0,8500.0,2,1.0,1.0,0.0,False,0,0,1,1,0.02,monte_carlo_run_25_seed_67.log
26,1,-1,-1,-1,-1,-1,68,3101,0.138,2.03,False,Solitudine / Nessun Contatto,,,Nessuna,1,0,1,0.0,3,3,3,0,3,0,0,0,0,0,0,0,8500.0,1,0.985,0.985,0.0,False,0,0,1,3,0.02,monte_carlo_run_26_seed_68.log
27,1,-1,-1,-1,-1,-1,69,3101,0.12,2.99,False,Solitudine / Nessun Contatto,,,Nessuna,1,0,1,0.0,2,2,2,1,1,0,0,0,0,0,0,0,8500.0,2,1.0,1.0,0.0,False,0,0,1,1,0.02,monte_carlo_run_27_seed_69.log
28,1,-1,-1,-1,-1,-1,70,3101,0.067,1.57,False,Solitudine / Nessun Contatto,,,Nessuna,2,0,2,1.29,2,2,2,1,1,0,0,0,0,0,0,0,8500.0,2,1.002,1.002,0.0,False,0,0,1,1,92.28,monte_carlo_run_28_seed_70.log
29,1,-1,-1,-1,-1,-1,71,3101,0.109,2.54,False,Solitudine / Nessun Contatto,,,Nessuna,1,0,1,0.0,2,2,2,0,2,0,0,0,0,0,0,0,8500.0,1,0.985,0.985,0.0,False,0,0,0,1,0.02,monte_carlo_run_29_seed_71.log
30,1,-1,-1,-1,-1,-1,72,3101,0.096,2.12,False,Solitudine / Nessun Contatto,,,Nessuna,2,0,2,2.05,2,2,1,1,0,1,1,1,0,0,0,0,8500.25,2,1.0,0.876,-0.1244,False,0,0,0,0,118.69,monte_carlo_run_30_seed_72.log
31,2,-1,-1,-1,-1,1,73,3101,0.138,3.39,False,Solitudine / Nessun Contatto,,,Nessuna,9,0,9,3.47,4,3,3,3,0,1,0,0,0,0,0,0,8500.0,9,1.038,1.038,0.0,False,4,0,2,2,387.61,monte_carlo_run_31_seed_73.log
32,2,-1,-1,-1,-1,1,74,3101,0.145,3.37,True,Incontro Flotta Deep-Space,738.01,11.06,Neutrale,19,0,25,13.55,5,4,1,1,0,3,2,2,0,2,0,1,8509.59,12,1.276,1.291,0.0149,True,17,0,7,9,1795.32,monte_carlo_run_32_seed_74.log
33,2,-1,-1,-1,-1,1,75,3101,0.065,1.2,False,Solitudine / Nessun Contatto,,,Nessuna,1,0,1,0.0,1,1,1,1,0,0,0,0,0,0,0,0,8500.0,2,1.0,1.0,0.0,False,0,0,0,0,0.02,monte_carlo_run_33_seed_75.log
34,2,-1,-1,-1,-1,1,76,3101,0.144,3.5,False,Solitudine / Nessun Contatto,,,Nessuna,2,0,2,3.18,1,1,1,1,0,0,0,0,0,0,0,0,8500.0,2,1.0,1.0,0.0,False,0,0,0,0,88.24,monte_carlo_run_34_seed_76.log
35,2,-1,-1,-1,-1,1,77,3101,0.071,1.35,False,Solitudine / Nessun Contatto,,,Nessuna,1,0,1,0.0,1,1,1,1,0,0,0,0,0,0,0,0,8500.0,2,1.0,1.0,0.0,False,0,0,0,0,0.02,monte_carlo_run_35_seed_77.log
36,2,-1,-1,-1,-1,1,78,3101,0.086,1.97,False,Solitudine / Nessun Contatto,,,Nessuna,1,0,1,0.0,1,1,1,1,0,0,0,0,0,0,0,0,8500.0,2,1.0,1.0,0.0,False,0,0,0,0,0.02,monte_carlo_run_36_seed_78.log
37,2,-1,-1,-1,-1,1,79,3101,0.144,3.27,False,Solitudine / Nessun Contatto,,,Nessuna,4,0,4,2.96,1,1,1,1,0,0,0,0,0,0,0,0,8500.0,2,1.001,1.001,0.0,False,0,0,0,0,227.68,monte_carlo_run_37_seed_79.log
38,2,-1,-1,-1,-1,1,80,3101,0.145,3.01,False,Solitudine / Nessun Contatto,,,Nessuna,2,0,2,2.99,2,2,1,1,0,1,1,1,0,0,0,0,8500.05,2,1.0,0.738,-0.2623,False,0,0,0,0,82.57,monte_carlo_run_38_seed_80.log
39,2,-1,-1,-1,-1,1,81,3101,0.144,2.16,False,Solitudine / Nessun Contatto,,,Nessuna,1,0,1,0.0,1,1,1,1,0,0,0,0,0,0,0,0,8500.0,2,1.0,1.0,0.0,False,0,0,0,0,0.02,monte_carlo_run_39_seed_81.log
40,2,-1,-1,-1,-1,1,82,3101,0.063,1.15,False,Solitudine / Nessun Contatto,,,Nessuna,3,0,3,0.0,3,3,3,3,0,0,0,0,0,0,0,0,8500.0,9,1.0,1.0,0.0,False,0,0,1,2,0.06,monte_carlo_run_40_seed_82.log
41,2,-1,-1,-1,-1,1,83,3101,0.058,0.8,False,Solitudine / Nessun Contatto,,,Nessuna,1,0,1,0.0,1,1,1,1,0,0,0,0,0,0,0,0,8500.0,2,1.0,1.0,0.0,False,0,0,0,0,0.02,monte_carlo_run_41_seed_83.log
42,2,-1,-1,-1,-1,1,84,3101,0.137,1.77,False,Solitudine / Nessun Contatto,,,Nessuna,1,0,1,0.0,1,1,1,1,0,0,0,0,0,0,0,0,8500.0,2,1.0,1.0,0.0,False,0,0,0,0,0.02,monte_carlo_run_42_seed_84.log
43,2,-1,-1,-1,-1,1,85,3101,0.057,0.93,False,Solitudine / Nessun Contatto,,,Nessuna,1,0,1,0.0,1,1,1,1,0,0,0,0,0,0,0,0,8500.0,2,1.0,1.0,0.0,False,0,0,0,0,0.02,monte_carlo_run_43_seed_85.log
44,2,-1,-1,-1,-1,1,86,3101,0.096,1.99,False,Solitudine / Nessun Contatto,,,Nessuna,2,0,2,0.0,2,2,2,2,0,0,0,0,0,0,0,0,8500.0,6,1.0,1.0,0.0,False,0,0,1,1,0.04,monte_carlo_run_44_seed_86.log
45,2,-1,-1,-1,-1,1,87,3101,0.125,2.93,False,Solitudine / Nessun Contatto,,,Nessuna,2,0,2,2.75,2,2,1,1,0,1,1,1,0,0,0,0,8500.11,2,1.0,0.889,-0.1115,False,0,0,0,0,139.36,monte_carlo_run_45_seed_87.log
46,2,-1,-1,-1,-1,1,88,3101,0.096,1.24,False,Solitudine / Nessun Contatto,,,Nessuna,1,0,1,0.0,1,1,1,1,0,0,0,0,0,0,0,0,8500.0,2,1.0,1.0,0.0,False,0,0,0,0,0.02,monte_carlo_run_46_seed_88.log
47,2,-1,-1,-1,-1,1,89,3101,0.144,3.14,True,Incontro Flotta Deep-Space,672.98,4.44,Collaborativa,10,0,10,6.74,3,3,2,2,0,1,1,1,0,1,0,1,8503.73,7,1.073,1.289,0.2165,True,6,0,1,2,1020.44,monte_carlo_run_47_seed_89.log
48,2,-1,-1,-1,-1,1,90,3101,0.053,1.21,False,Solitudine / Nessun Contatto,,,Nessuna,1,0,1,0.0,1,1,1,1,0,0,0,0,0,0,0,0,8500.0,2,1.0,1.0,0.0,False,0,0,0,0,0.02,monte_carlo_run_48_seed_90.log
49,2,-1,-1,-1,-1,1,91,3101,0.136,1.81,False,Solitudine / Nessun Contatto,,,Nessuna,3,0,3,0.0,3,3,3,3,0,0,0,0,0,0,0,0,8500.0,10,1.001,1.001,0.0,False,0,0,2,2,0.06,monte_carlo_run_49_seed_91.log
50,2,-1,-1,-1,-1,1,92,3101,0.07,1.52,False,Solitudine / Nessun Contatto,,,Nessuna,3,0,3,0.0,3,3,3,3,0,0,0,0,0,0,0,0,8500.0,9,1.0,1.0,0.0,False,0,0,0,2,0.06,monte_carlo_run_50_seed_92.log
51,2,-1,-1,-1,-1,1,93,3101,0.057,0.73,False,Solitudine / Nessun Contatto,,,Nessuna,1,0,1,0.0,1,1,1,1,0,0,0,0,0,0,0,0,8500.0,2,1.0,1.0,0.0,False,0,0,0,0,0.02,monte_carlo_run_51_seed_93.log
52,2,-1,-1,-1,-1,1,94,3101,0.133,2.41,False,Solitudine / Nessun Contatto,,,Nessuna,2,0,2,1.83,1,1,1,1,0,0,0,0,0,0,0,0,8500.0,2,1.0,1.0,0.0,False,0,0,0,0,103.68,monte_carlo_run_52_seed_94.log
53,2,-1,-1,-1,-1,1,95,3101,0.112,2.15,False,Solitudine / Nessun Contatto,,,Nessuna,5,0,5,2.96,2,2,2,2,0,0,0,0,0,0,0,0,8500.0,5,1.008,1.008,0.0,False,1,0,1,1,139.19,monte_carlo_run_53_seed_95.log
54,2,-1,-1,-1,-1,1,96,3101,0.085,1.06,False,Solitudine / Nessun Contatto,,,Nessuna,2,0,2,0.0,2,2,2,2,0,0,0,0,0,0,0,0,8500.0,5,1.0,1.0,0.0,False,0,0,1,1,0.04,monte_carlo_run_54_seed_96.log
55,2,-1,-1,-1,-1,1,97,3101,0.093,2.2,False,Solitudine / Nessun Contatto,,,Nessuna,1,0,1,0.0,1,1,1,1,0,0,0,0,0,0,0,0,8500.0,2,1.0,1.0,0.0,False,0,0,0,0,0.02,monte_carlo_run_55_seed_97.log
56,2,-1,-1,-1,-1,1,98,3101,0.118,2.32,False,Solitudine / Nessun Contatto,,,Nessuna,1,0,1,0.0,1,1,1,1,0,0,0,0,0,0,0,0,8500.0,2,1.0,1.0,0.0,False,0,0,0,0,0.02,monte_carlo_run_56_seed_98.log
57,2,-1,-1,-1,-1,1,99,3101,0.115,2.57,False,Solitudine / Nessun Contatto,,,Nessuna,2,0,2,0.0,2,2,2,2,0,0,0,0,0,0,0,0,8500.0,6,1.0,1.0,0.0,False,0,0,0,1,0.04,monte_carlo_run_57_seed_99.log
58,2,-1,-1,-1,-1,1,100,3101,0.094,1.94,False,Solitudine / Nessun Contatto,,,Nessuna,8,0,8,4.28,3,3,3,3,0,0,0,0,0,0,0,0,8500.0,9,1.023,1.023,0.0,False,4,0,1,2,336.97,monte_carlo_run_58_seed_100.log
59,2,-1,-1,-1,-1,1,101,3101,0.114,2.22,False,Solitudine / Nessun Contatto,,,Nessuna,1,0,1,0.0,1,1,1,1,0,0,0,0,0,0,0,0,8500.0,2,1.0,1.0,0.0,False,0,0,0,0,0.02,monte_carlo_run_59_seed_101.log
60,2,-1,-1,-1,-1,1,102,3101,0.068,1.44,False,Solitudine / Nessun Contatto,,,Nessuna,2,0,2,0.0,2,2,2,2,0,0,0,0,0,0,0,0,8500.0,5,1.0,1.0,0.0,False,0,0,0,1,0.04,monte_carlo_run_60_seed_102.log
61,3,-1,-1,-1,1,-1,103,3101,0.083,1.73,False,Solitudine / Nessun Contatto,,,Nessuna,1,0,1,0.0,3,3,3,1,2,0,0,0,0,0,0,0,8500.0,2,1.0,1.0,0.0,False,0,0,1,3,0.02,monte_carlo_run_61_seed_103.log
62,3,-1,-1,-1,1,-1,104,3101,0.087,1.74,False,Solitudine / Nessun Contatto,,,Nessuna,1,0,1,0.0,1,1,1,1,0,0,0,0,0,0,0,0,8500.0,2,1.0,1.0,0.0,False,0,0,0,0,0.02,monte_carlo_run_62_seed_104.log
63,3,-1,-1,-1,1,-1,105,3101,0.096,1.33,False,Solitudine / Nessun Contatto,,,Nessuna,1,0,1,0.0,2,2,2,1,1,0,0,0,0,0,0,0,8500.0,2,1.0,1.0,0.0,False,0,0,0,1,0.02,monte_carlo_run_63_seed_105.log
64,3,-1,-1,-1,1,-1,106,3101,0.072,1.38,False,Solitudine / Nessun Contatto,,,Nessuna,1,0,1,0.0,1,1,1,1,0,0,0,0,0,0,0,0,8500.0,2,1.0,1.0,0.0,False,0,0,0,0,0.02,monte_carlo_run_64_seed_106.log
65,3,-1,-1,-1,1,-1,107,3101,0.092,1.67,False,Solitudine / Nessun Contatto,,,Nessuna,1,0,1,0.0,2,2,2,1,1,0,0,0,0,0,0,0,8500.0,2,1.0,1.0,0.0,False,0,0,0,1,0.02,monte_carlo_run_65_seed_107.log
66,3,-1,-1,-1,1,-1,108,3101,0.092,2.3,False,Solitudine / Nessun Contatto,,,Nessuna,1,0,1,0.0,2,2,2,1,1,0,0,0,0,0,0,0,8500.0,2,1.0,1.0,0.0,False,0,0,1,1,0.02,monte_carlo_run_66_seed_108.log
67,3,-1,-1,-1,1,-1,109,3101,0.137,2.32,False,Solitudine / Nessun Contatto,,,Nessuna,2,0,2,1.98,1,1,1,1,0,0,0,0,0,0,0,0,8500.0,2,1.0,1.0,0.0,False,0,0,0,0,110.77,monte_carlo_run_67_seed_109.log
68,3,-1,-1,-1,1,-1,110,3101,0.101,2.02,False,Solitudine / Nessun Contatto,,,Nessuna,1,0,1,0.0,1,1,1,1,0,0,0,0,0,0,0,0,8500.0,2,1.0,1.0,0.0,False,0,0,0,0,0.02,monte_carlo_run_68_seed_110.log
69,3,-1,-1,-1,1,-1,111,3101,0.056,0.95,False,Solitudine / Nessun Contatto,,,Nessuna,1,0,1,0.0,1,1,1,1,0,0,0,0,0,0,0,0,8500.0,2,1.0,1.0,0.0,False,0,0,0,0,0.02,monte_carlo_run_69_seed_111.log
70,3,-1,-1,-1,1,-1,112,3101,0.062,1.45,False,Solitudine / Nessun Contatto,,,Nessuna,1,0,1,0.0,1,1,1,1,0,0,0,0,0,0,0,0,8500.0,2,1.0,1.0,0.0,False,0,0,0,0,0.02,monte_carlo_run_70_seed_112.log
71,3,-1,-1,-1,1,-1,113,3101,0.106,2.2,False,Solitudine / Nessun Contatto,,,Nessuna,1,0,1,0.0,1,1,1,1,0,0,0,0,0,0,0,0,8500.0,2,1.0,1.0,0.0,False,0,0,0,0,0.02,monte_carlo_run_71_seed_113.log
72,3,-1,-1,-1,1,-1,114,3101,0.149,2.14,False,Solitudine / Nessun Contatto,,,Nessuna,1,0,1,0.0,3,3,3,1,2,0,0,0,0,0,0,0,8500.0,2,1.0,1.0,0.0,False,0,0,0,3,0.02,monte_carlo_run_72_seed_114.log
73,3,-1,-1,-1,1,-1,115,3101,0.145,2.92,False,Solitudine / Nessun Contatto,,,Nessuna,2,0,2,2.05,1,1,1,1,0,0,0,0,0,0,0,0,8500.0,2,1.0,1.0,0.0,False,0,0,0,0,111.15,monte_carlo_run_73_seed_115.log
74,3,-1,-1,-1,1,-1,116,3101,0.093,1.66,False,Solitudine / Nessun Contatto,,,Nessuna,1,0,1,0.0,2,2,2,1,1,0,0,0,0,0,0,0,8500.0,2,1.0,1.0,0.0,False,0,0,0,1,0.02,monte_carlo_run_74_seed_116.log
75,3,-1,-1,-1,1,-1,117,3101,0.123,2.19,False,Solitudine / Nessun Contatto,,,Nessuna,1,0,1,0.0,2,2,2,1,1,0,0,0,0,0,0,0,8500.0,2,1.0,1.0,0.0,False,0,0,1,1,0.02,monte_carlo_run_75_seed_117.log
76,3,-1,-1,-1,1,-1,118,3101,0.119,2.24,False,Solitudine / Nessun Contatto,,,Nessuna,1,0,1,0.0,3,3,3,1,2,0,0,0,0,0,0,0,8500.0,2,1.0,1.0,0.0,False,0,0,1,3,0.02,monte_carlo_run_76_seed_118.log
77,3,-1,-1,-1,1,-1,119,3101,0.107,2.4,False,Solitudine / Nessun Contatto,,,Nessuna,2,0,2,2.21,1,1,1,1,0,0,0,0,0,0,0,0,8500.0,2,1.0,1.0,0.0,False,0,0,0,0,120.89,monte_carlo_run_77_seed_119.log
78,3,-1,-1,-1,1,-1,120,3101,0.055,1.06,False,Solitudine / Nessun Contatto,,,Nessuna,1,0,1,0.0,3,3,3,0,3,0,0,0,0,0,0,0,8500.0,1,0.985,0.985,0.0,False,0,0,1,3,0.02,monte_carlo_run_78_seed_120.log
79,3,-1,-1,-1,1,-1,121,3101,0.068,1.62,False,Solitudine / Nessun Contatto,,,Nessuna,1,0,1,0.0,1,1,1,1,0,0,0,0,0,0,0,0,8500.0,2,1.0,1.0,0.0,False,0,0,0,0,0.02,monte_carlo_run_79_seed_121.log
80,3,-1,-1,-1,1,-1,122,3101,0.103,2.54,False,Solitudine / Nessun Contatto,,,Nessuna,1,0,1,0.0,1,1,1,1,0,0,0,0,0,0,0,0,8500.0,2,1.0,1.0,0.0,False,0,0,0,0,0.02,monte_carlo_run_80_seed_122.log
81,3,-1,-1,-1,1,-1,123,3101,0.118,2.02,False,Solitudine / Nessun Contatto,,,Nessuna,1,0,1,0.0,1,1,1,1,0,0,0,0,0,0,0,0,8500.0,2,1.0,1.0,0.0,False,0,0,0,0,0.02,monte_carlo_run_81_seed_123.log
82,3,-1,-1,-1,1,-1,124,3101,0.116,2.14,False,Solitudine / Nessun Contatto,,,Nessuna,1,0,1,0.0,2,2,2,1,1,0,0,0,0,0,0,0,8500.0,2,1.0,1.0,0.0,False,0,0,1,1,0.02,monte_carlo_run_82_seed_124.log
83,3,-1,-1,-1,1,-1,125,3101,0.08,1.5,False,Solitudine / Nessun Contatto,,,Nessuna,1,0,1,0.0,1,1,1,1,0,0,0,0,0,0,0,0,8500.0,2,1.0,1.0,0.0,False,0,0,0,0,0.02,monte_carlo_run_83_seed_125.log
84,3,-1,-1,-1,1,-1,126,3101,0.119,2.51,False,Solitudine / Nessun Contatto,,,Nessuna,3,0,3,2.42,1,1,1,1,0,0,0,0,0,0,0,0,8500.0,2,1.005,1.005,0.0,False,2,0,0,0,223.16,monte_carlo_run_84_seed_126.log
85,3,-1,-1,-1,1,-1,127,3101,0.087,1.29,False,Solitudine / Nessun Contatto,,,Nessuna,1,0,1,0.0,3,3,3,1,2,0,0,0,0,0,0,0,8500.0,2,1.0,1.0,0.0,False,0,0,2,3,0.02,monte_carlo_run_85_seed_127.log
86,3,-1,-1,-1,1,-1,128,3101,0.09,2.02,False,Solitudine / Nessun Contatto,,,Nessuna,1,0,1,0.0,1,1,1,1,0,0,0,0,0,0,0,0,8500.0,2,1.0,1.0,0.0,False,0,0,0,0,0.02,monte_carlo_run_86_seed_128.log
87,3,-1,-1,-1,1,-1,129,3101,0.074,1.54,False,Solitudine / Nessun Contatto,,,Nessuna,1,0,1,0.0,2,2,2,1,1,0,0,0,0,0,0,0,8500.0,2,1.0,1.0,0.0,False,0,0,0,1,0.02,monte_carlo_run_87_seed_129.log
88,3,-1,-1,-1,1,-1,130,3101,0.103,1.66,False,Solitudine / Nessun Contatto,,,Nessuna,1,0,1,0.0,1,1,1,1,0,0,0,0,0,0,0,0,8500.0,2,1.0,1.0,0.0,False,0,0,0,0,0.02,monte_carlo_run_88_seed_130.log
89,3,-1,-1,-1,1,-1,131,3101,0.139,2.21,False,Solitudine / Nessun Contatto,,,Nessuna,1,0,1,0.0,2,2,2,1,1,0,0,0,0,0,0,0,8500.0,2,1.0,1.0,0.0,False,0,0,1,1,0.02,monte_carlo_run_89_seed_131.log
90,3,-1,-1,-1,1,-1,132,3101,0.121,1.6,False,Solitudine / Nessun Contatto,,,Nessuna,1,0,1,0.0,1,1,1,1,0,0,0,0,0,0,0,0,8500.0,2,1.0,1.0,0.0,False,0,0,0,0,0.02,monte_carlo_run_90_seed_132.log
91,4,-1,-1,-1,1,1,133,3101,0.122,3.02,False,Solitudine / Nessun Contatto,,,Nessuna,1,0,1,0.0,1,1,1,1,0,0,0,0,0,0,0,0,8500.0,2,1.0,1.0,0.0,False,0,0,0,0,0.02,monte_carlo_run_91_seed_133.log
92,4,-1,-1,-1,1,1,134,3101,0.141,3.26,False,Solitudine / Nessun Contatto,,,Nessuna,27,0,27,3.93,3,3,3,3,0,0,0,0,0,0,0,0,8500.0,10,1.126,1.126,0.0,False,19,0,1,2,1274.51,monte_carlo_run_92_seed_134.log
93,4,-1,-1,-1,1,1,135,3101,0.095,1.45,False,Solitudine / Nessun Contatto,,,Nessuna,1,0,1,0.0,1,1,1,1,0,0,0,0,0,0,0,0,8500.0,2,1.0,1.0,0.0,False,0,0,0,0,0.02,monte_carlo_run_93_seed_135.log
94,4,-1,-1,-1,1,1,136,3101,0.143,2.34,False,Solitudine / Nessun Contatto,,,Nessuna,1,0,1,0.0,1,1,1,1,0,0,0,0,0,0,0,0,8500.0,2,1.0,1.0,0.0,False,0,0,0,0,0.02,monte_carlo_run_94_seed_136.log
95,4,-1,-1,-1,1,1,137,3101,0.083,1.31,False,Solitudine / Nessun Contatto,,,Nessuna,2,0,2,0.0,2,2,2,2,0,0,0,0,0,0,0,0,8500.0,6,1.0,1.0,0.0,False,0,0,0,1,0.04,monte_carlo_run_95_seed_137.log
96,4,-1,-1,-1,1,1,138,3101,0.092,1.82,False,Solitudine / Nessun Contatto,,,Nessuna,2,0,2,1.41,1,1,1,1,0,0,0,0,0,0,0,0,8500.0,2,1.0,1.0,0.0,False,0,0,0,0,98.96,monte_carlo_run_96_seed_138.log
97,4,-1,-1,-1,1,1,139,3101,0.095,2.12,False,Solitudine / Nessun Contatto,,,Nessuna,2,0,2,1.45,1,1,1,1,0,0,0,0,0,0,0,0,8500.0,2,1.0,1.0,0.0,False,0,0,0,0,99.58,monte_carlo_run_97_seed_139.log
98,4,-1,-1,-1,1,1,140,3101,0.094,1.31,False,Solitudine / Nessun Contatto,,,Nessuna,2,0,2,0.0,2,2,2,2,0,0,0,0,0,0,0,0,8500.0,5,1.0,1.0,0.0,False,0,0,0,1,0.04,monte_carlo_run_98_seed_140.log
99,4,-1,-1,-1,1,1,141,3101,0.132,1.66,False,Solitudine / Nessun Contatto,,,Nessuna,1,0,1,0.0,1,1,1,1,0,0,0,0,0,0,0,0,8500.0,2,1.0,1.0,0.0,False,0,0,0,0,0.02,monte_carlo_run_99_seed_141.log
100,4,-1,-1,-1,1,1,142,3101,0.11,1.84,False,Solitudine / Nessun Contatto,,,Nessuna,1,0,1,0.0,1,1,1,1,0,0,0,0,0,0,0,0,8500.0,2,1.0,1.0,0.0,False,0,0,0,0,0.02,monte_carlo_run_100_seed_142.log
101,4,-1,-1,-1,1,1,143,3101,0.137,2.81,False,Solitudine / Nessun Contatto,,,Nessuna,6,0,6,6.76,1,1,1,1,0,0,0,0,0,0,0,0,8500.0,2,1.015,1.015,0.0,False,4,0,0,0,393.87,monte_carlo_run_101_seed_143.log
102,4,-1,-1,-1,1,1,144,3101,0.061,1.48,False,Solitudine / Nessun Contatto,,,Nessuna,1,0,1,0.0,1,1,1,1,0,0,0,0,0,0,0,0,8500.0,2,1.0,1.0,0.0,False,0,0,0,0,0.02,monte_carlo_run_102_seed_144.log
103,4,-1,-1,-1,1,1,145,3101,0.082,1.29,False,Solitudine / Nessun Contatto,,,Nessuna,2,0,2,0.0,2,2,2,2,0,0,0,0,0,0,0,0,8500.0,5,1.0,1.0,0.0,False,0,0,0,1,0.04,monte_carlo_run_103_seed_145.log
104,4,-1,-1,-1,1,1,146,3101,0.123,3.05,False,Solitudine / Nessun Contatto,,,Nessuna,3,0,3,0.0,3,3,3,3,0,0,0,0,0,0,0,0,8500.0,8,1.0,1.0,0.0,False,0,0,0,3,0.06,monte_carlo_run_104_seed_146.log
105,4,-1,-1,-1,1,1,147,3101,0.089,1.82,False,Solitudine / Nessun Contatto,,,Nessuna,1,0,1,0.0,1,1,1,1,0,0,0,0,0,0,0,0,8500.0,2,1.0,1.0,0.0,False,0,0,0,0,0.02,monte_carlo_run_105_seed_147.log
106,4,-1,-1,-1,1,1,148,3101,0.084,2.02,False,Solitudine / Nessun Contatto,,,Nessuna,4,0,4,1.7,2,2,2,2,0,0,0,0,0,0,0,0,8500.0,6,1.005,1.005,0.0,False,0,0,1,1,110.06,monte_carlo_run_106_seed_148.log
107,4,-1,-1,-1,1,1,149,3101,0.114,2.68,False,Solitudine / Nessun Contatto,,,Nessuna,3,0,3,0.0,2,2,2,2,0,0,0,0,0,0,0,0,8500.0,6,1.003,1.003,0.0,False,0,0,1,1,103.11,monte_carlo_run_107_seed_149.log
108,4,-1,-1,-1,1,1,150,3101,0.095,2.08,False,Solitudine / Nessun Contatto,,,Nessuna,1,0,1,0.0,1,1,1,1,0,0,0,0,0,0,0,0,8500.0,2,1.0,1.0,0.0,False,0,0,0,0,0.02,monte_carlo_run_108_seed_150.log
109,4,-1,-1,-1,1,1,151,3101,0.103,1.86,False,Solitudine / Nessun Contatto,,,Nessuna,1,0,1,0.0,1,1,1,1,0,0,0,0,0,0,0,0,8500.0,2,1.0,1.0,0.0,False,0,0,0,0,0.02,monte_carlo_run_109_seed_151.log
110,4,-1,-1,-1,1,1,152,3101,0.073,1.57,False,Solitudine / Nessun Contatto,,,Nessuna,1,0,1,0.0,1,1,1,1,0,0,0,0,0,0,0,0,8500.0,2,1.0,1.0,0.0,False,0,0,0,0,0.02,monte_carlo_run_110_seed_152.log
111,4,-1,-1,-1,1,1,153,3101,0.147,2.62,False,Solitudine / Nessun Contatto,,,Nessuna,1,0,1,0.0,1,1,1,1,0,0,0,0,0,0,0,0,8500.0,2,1.0,1.0,0.0,False,0,0,0,0,0.02,monte_carlo_run_111_seed_153.log
112,4,-1,-1,-1,1,1,154,3101,0.081,1.56,False,Solitudine / Nessun Contatto,,,Nessuna,2,0,2,0.0,2,2,2,2,0,0,0,0,0,0,0,0,8500.0,5,1.0,1.0,0.0,False,0,0,0,1,0.04,monte_carlo_run_112_seed_154.log
113,4,-1,-1,-1,1,1,155,3101,0.101,2.4,False,Solitudine / Nessun Contatto,,,Nessuna,2,0,2,0.0,2,2,2,2,0,0,0,0,0,0,0,0,8500.0,5,1.0,1.0,0.0,False,0,0,1,1,0.04,monte_carlo_run_113_seed_155.log
114,4,-1,-1,-1,1,1,156,3101,0.097,1.92,False,Solitudine / Nessun Contatto,,,Nessuna,2,0,2,0.0,2,2,2,2,0,0,0,0,0,0,0,0,8500.0,6,1.0,1.0,0.0,False,0,0,1,1,0.04,monte_carlo_run_114_seed_156.log
115,4,-1,-1,-1,1,1,157,3101,0.115,1.81,False,Solitudine / Nessun Contatto,,,Nessuna,2,0,2,1.44,1,1,1,1,0,0,0,0,0,0,0,0,8500.0,2,1.0,1.0,0.0,False,0,0,0,0,49.97,monte_carlo_run_115_seed_157.log
116,4,-1,-1,-1,1,1,158,3101,0.097,1.9,False,Solitudine / Nessun Contatto,,,Nessuna,4,0,4,0.0,3,3,3,3,0,0,0,0,0,0,0,0,8500.0,8,1.004,1.004,0.0,False,0,0,2,2,31.88,monte_carlo_run_116_seed_158.log
117,4,-1,-1,-1,1,1,159,3101,0.06,1.48,False,Solitudine / Nessun Contatto,,,Nessuna,1,0,1,0.0,1,1,1,1,0,0,0,0,0,0,0,0,8500.0,2,1.0,1.0,0.0,False,0,0,0,0,0.02,monte_carlo_run_117_seed_159.log
118,4,-1,-1,-1,1,1,160,3101,0.089,1.48,False,Solitudine / Nessun Contatto,,,Nessuna,1,0,1,0.0,1,1,1,1,0,0,0,0,0,0,0,0,8500.0,2,1.0,1.0,0.0,False,0,0,0,0,0.02,monte_carlo_run_118_seed_160.log
119,4,-1,-1,-1,1,1,161,3101,0.066,1.49,False,Solitudine / Nessun Contatto,,,Nessuna,4,0,4,0.0,3,3,3,3,0,0,0,0,0,0,0,0,8500.0,10,1.0,1.0,0.0,False,0,0,1,3,31.54,monte_carlo_run_119_seed_161.log
120,4,-1,-1,-1,1,1,162,3101,0.069,1.16,False,Solitudine / Nessun Contatto,,,Nessuna,2,0,2,1.01,1,1,1,1,0,0,0,0,0,0,0,0,8500.0,2,1.0,1.0,0.0,False,0,0,0,0,85.19,monte_carlo_run_120_seed_162.log
121,5,-1,-1,1,-1,-1,163,3101,0.454,11.02,True,Contatto Planetario / Biofirme,707.56,16.8,Collaborativa,64,2,1177,30.89,188,142,16,4,11,165,25,25,0,18,13,5,8636.78,388,1.432,1.6,0.1681,True,985,0,528,876,8877.18,monte_carlo_run_121_seed_163.log
122,5,-1,-1,1,-1,-1,164,3101,0.453,8.7,True,Contatto Planetario / Biofirme,179.27,13.83,Ostile,11,1,621,13.83,100,80,8,2,4,90,14,14,0,11,8,2,8589.63,225,1.6,1.6,0.0,False,520,0,333,538,7268.8,monte_carlo_run_122_seed_164.log
123,5,-1,-1,1,-1,-1,165,3101,0.39,9.45,True,Incontro Flotta Deep-Space,1160.24,0.0,Biosfera Primitiva,36,0,820,6.65,144,114,14,2,11,127,12,12,0,8,3,4,8565.57,327,1.6,1.6,0.0,False,676,0,445,768,9450.49,monte_carlo_run_123_seed_165.log
124,5,-1,-1,1,-1,-1,166,3101,0.441,5.4,True,Incontro Flotta Deep-Space,464.44,6.2,Diffidente,21,2,509,32.52,92,66,9,2,6,77,29,29,0,18,12,4,8631.94,157,1.6,1.6,0.0,False,413,0,199,298,10005.4,monte_carlo_run_124_seed_166.log
125,5,-1,-1,1,-1,-1,167,3101,0.445,9.12,True,Contatto Planetario / Biofirme,442.69,10.28,Cauta,24,1,514,25.14,77,50,8,2,6,66,24,24,0,21,12,9,8638.31,158,1.592,1.6,0.0077,True,431,0,197,320,8222.48,monte_carlo_run_125_seed_167.log
126,5,-1,-1,1,-1,-1,168,3101,0.3,7.05,True,Contatto Planetario / Biofirme,15.99,4.8,Collaborativa,2,0,961,30.11,146,99,10,3,4,131,19,19,0,11,11,0,8577.11,305,1.354,1.6,0.2464,True,813,0,390,668,10005.51,monte_carlo_run_126_seed_168.log
127,5,-1,-1,1,-1,-1,169,3101,0.599,10.64,True,Incontro Flotta Deep-Space,1970.08,9.09,Biosfera Primitiva,378,0,654,25.27,102,70,7,2,4,93,16,16,0,14,12,2,8599.24,213,1.415,1.6,0.1855,True,551,0,256,453,6133.26,monte_carlo_run_127_seed_169.log
128,5,-1,-1,1,-1,-1,170,3101,0.573,13.02,True,Incontro Flotta Deep-Space,1509.34,8.89,Collaborativa,76,0,371,13.24,66,47,9,2,7,54,7,7,0,6,4,2,8554.9,145,1.6,1.6,0.0,False,305,0,198,327,6335.81,monte_carlo_run_128_seed_170.log
129,5,-1,-1,1,-1,-1,171,3101,0.504,7.28,True,Contatto Planetario / Biofirme,40.79,6.89,Collaborativa,4,0,7,8.27,8,6,3,0,3,5,5,5,0,0,0,0,8501.28,1,0.954,0.899,-0.0549,False,0,0,1,3,162.21,monte_carlo_run_129_seed_171.log
130,5,-1,-1,1,-1,-1,172,3101,0.59,12.63,True,Contatto Planetario / Biofirme,158.71,21.45,Cauta,10,1,14,28.5,16,10,3,0,3,11,11,11,0,0,0,0,8512.71,1,0.915,0.985,0.0702,True,0,0,1,2,298.49,monte_carlo_run_130_seed_172.log
131,5,-1,-1,1,-1,-1,173,3101,0.49,7.07,True,Contatto Planetario / Biofirme,452.22,24.09,Diffidente,25,0,818,24.09,134,100,14,4,10,115,17,17,0,14,12,2,8589.42,282,1.6,1.6,0.0,False,685,0,424,653,8054.52,monte_carlo_run_131_seed_173.log
132,5,-1,-1,1,-1,-1,174,3101,0.479,10.46,True,Incontro Flotta Deep-Space,935.26,6.71,Biosfera Primitiva,75,2,939,36.03,141,102,12,4,4,124,19,19,0,13,9,4,8582.3,305,1.6,1.6,0.0,False,792,0,351,589,10000.14,monte_carlo_run_132_seed_174.log
133,5,-1,-1,1,-1,-1,175,3101,0.223,4.21,True,Incontro Flotta Deep-Space,1336.65,0.0,Biosfera Primitiva,40,0,125,17.61,14,11,3,2,1,11,7,7,0,4,1,2,8529.98,22,1.6,1.6,0.0,False,100,0,11,16,10005.59,monte_carlo_run_133_seed_175.log
134,5,-1,-1,1,-1,-1,176,3101,0.495,6.55,True,Contatto Planetario / Biofirme,340.04,10.06,Diffidente,16,1,533,36.43,80,59,5,3,2,70,24,24,0,16,7,7,8631.54,131,1.5,1.6,0.1001,True,453,0,151,236,10001.03,monte_carlo_run_134_seed_176.log
135,5,-1,-1,1,-1,-1,177,3101,0.466,7.18,True,Contatto Planetario / Biofirme,647.97,14.94,Diffidente,41,0,1149,21.98,166,124,10,2,5,155,15,15,0,12,7,5,8582.9,427,1.597,1.6,0.003,True,981,0,706,1080,6397.3,monte_carlo_run_135_seed_177.log
136,5,-1,-1,1,-1,-1,178,3101,0.462,9.31,True,Contatto Planetario / Biofirme,269.39,13.69,Ostile,13,1,38,22.01,15,13,4,0,4,10,10,10,0,1,1,0,8510.56,2,0.934,0.977,0.0436,True,22,0,2,4,935.3,monte_carlo_run_136_seed_178.log
137,5,-1,-1,1,-1,-1,179,3101,0.211,4.08,True,Contatto Planetario / Biofirme,595.23,8.87,Predatoria,12,1,130,35.95,20,12,4,2,0,15,6,6,0,3,3,0,8520.05,22,1.581,1.42,-0.1608,False,100,0,18,26,8429.09,monte_carlo_run_137_seed_179.log
138,5,-1,-1,1,-1,-1,180,3101,0.439,5.55,True,Contatto Planetario / Biofirme,8.31,3.65,Predatoria,2,1,435,19.57,62,47,4,1,3,57,10,10,0,6,4,1,8538.19,109,1.417,1.6,0.1834,True,367,0,100,181,10000.79,monte_carlo_run_138_seed_180.log
139,5,-1,-1,1,-1,-1,181,3101,0.265,4.38,False,Solitudine / Nessun Contatto,,,Nessuna,2,0,2,3.28,1,1,1,1,0,0,0,0,0,0,0,0,8500.0,2,1.0,1.0,0.0,False,0,0,0,0,49.5,monte_carlo_run_139_seed_181.log
140,5,-1,-1,1,-1,-1,182,3101,0.375,5.65,True,Incontro Flotta Deep-Space,1287.35,4.2,Diffidente,86,1,101,16.19,19,14,1,1,0,15,9,9,0,4,3,1,8531.2,26,1.6,1.6,0.0,False,82,0,22,29,4971.1,monte_carlo_run_140_seed_182.log
141,5,-1,-1,1,-1,-1,183,3101,0.447,6.67,True,Incontro Flotta Deep-Space,1482.12,3.98,Biosfera Primitiva,114,0,1344,41.88,196,148,13,1,10,176,25,25,0,21,16,5,8646.32,404,1.6,1.6,0.0,False,1139,0,601,895,10004.94,monte_carlo_run_141_seed_183.log
142,5,-1,-1,1,-1,-1,184,3101,0.565,10.27,True,Incontro Flotta Deep-Space,1499.92,9.21,Biosfera Primitiva,66,0,891,30.15,141,99,10,5,2,127,13,13,0,6,5,0,8553.2,296,1.588,1.6,0.0119,True,743,0,364,638,10003.14,monte_carlo_run_142_seed_184.log
143,5,-1,-1,1,-1,-1,185,3101,0.483,8.08,True,Contatto Planetario / Biofirme,80.16,10.11,Cauta,5,0,855,25.38,157,120,8,3,4,141,11,11,0,8,5,3,8547.15,348,1.6,1.6,0.0,False,697,0,443,899,8114.05,monte_carlo_run_143_seed_185.log
144,5,-1,-1,1,-1,-1,186,3101,0.471,9.01,True,Contatto Planetario / Biofirme,1003.89,15.6,Diffidente,95,0,1589,24.0,246,169,17,4,11,222,26,26,0,18,14,3,8630.63,492,1.6,1.6,0.0,False,1338,0,671,1117,10005.97,monte_carlo_run_144_seed_186.log
145,5,-1,-1,1,-1,-1,187,3101,0.593,8.65,True,Contatto Planetario / Biofirme,461.72,28.05,Predatoria,36,0,1209,32.82,182,134,13,3,8,165,22,22,0,14,12,2,8593.32,400,1.269,1.6,0.3314,True,1024,0,677,1103,10000.35,monte_carlo_run_145_seed_187.log
146,5,-1,-1,1,-1,-1,188,3101,0.591,13.36,True,Contatto Planetario / Biofirme,56.51,8.18,Collaborativa,5,0,405,22.89,83,62,11,3,8,71,16,16,0,13,6,5,8582.16,175,1.6,1.6,0.0,False,319,0,302,410,5810.34,monte_carlo_run_146_seed_188.log
147,5,-1,-1,1,-1,-1,189,3101,0.289,4.88,True,Incontro Flotta Deep-Space,1907.07,26.81,Diffidente,112,0,474,33.64,79,62,9,3,4,68,8,8,0,5,4,1,8545.05,179,1.567,1.546,-0.0216,False,383,0,238,414,10000.04,monte_carlo_run_147_seed_189.log
148,5,-1,-1,1,-1,-1,190,3101,0.472,6.66,True,Incontro Flotta Deep-Space,583.17,6.14,Collaborativa,32,0,909,18.83,106,84,10,3,7,93,7,7,0,6,5,1,8560.46,208,1.6,1.6,0.0,False,803,0,162,306,10000.18,monte_carlo_run_148_seed_190.log
149,5,-1,-1,1,-1,-1,191,3101,0.24,5.31,True,Incontro Flotta Deep-Space,460.18,2.12,Collaborativa,12,2,837,42.34,121,80,7,2,4,108,49,49,0,34,28,6,8787.45,200,1.6,1.6,0.0,False,705,0,255,444,10000.04,monte_carlo_run_149_seed_191.log
150,5,-1,-1,1,-1,-1,192,3101,0.406,6.15,True,Incontro Flotta Deep-Space,1658.83,12.64,Biosfera Primitiva,83,4,703,40.47,119,86,12,4,7,101,67,67,0,46,27,16,8825.82,183,1.587,1.6,0.0129,True,580,0,189,333,10001.92,monte_carlo_run_150_seed_192.log
151,6,-1,-1,1,-1,1,193,3101,0.557,11.78,True,Incontro Flotta Deep-Space,49.2,8.34,Cauta,8,0,1004,14.52,180,128,15,2,9,155,9,9,0,4,4,0,8536.81,384,1.6,1.6,0.0,False,818,0,542,884,9264.27,monte_carlo_run_151_seed_193.log
152,6,-1,-1,1,-1,1,194,3101,0.313,6.39,True,Incontro Flotta Deep-Space,2504.19,9.01,Collaborativa,94,2,844,24.27,143,104,16,5,8,118,15,15,0,10,8,2,8574.79,239,1.6,1.6,0.0,False,697,0,206,426,10000.94,monte_carlo_run_152_seed_194.log
153,6,-1,-1,1,-1,1,195,3101,0.259,3.92,False,Solitudine / Nessun Contatto,,,Nessuna,30,0,30,3.42,3,3,2,2,0,1,0,0,0,0,0,0,8500.0,5,1.083,1.083,0.0,False,21,0,1,1,1170.9,monte_carlo_run_153_seed_195.log
154,6,-1,-1,1,-1,1,196,3101,0.291,7.1,True,Incontro Flotta Deep-Space,490.13,7.07,Biosfera Primitiva,23,1,774,36.6,118,89,11,3,7,102,25,25,0,17,11,3,8611.29,237,1.479,1.6,0.1212,True,656,0,273,502,7325.52,monte_carlo_run_154_seed_196.log
155,6,-1,-1,1,-1,1,197,3101,0.549,10.64,True,Contatto Planetario / Biofirme,38.76,7.41,Cauta,3,0,940,27.5,156,122,20,5,12,134,16,16,0,13,8,4,8600.65,354,1.341,1.6,0.2593,True,782,0,551,871,7304.94,monte_carlo_run_155_seed_197.log
156,6,-1,-1,1,-1,1,198,3101,0.383,4.87,True,Incontro Flotta Deep-Space,664.13,5.26,Ostile,47,0,731,55.66,98,71,9,3,5,87,33,33,0,26,19,4,8666.52,189,1.574,1.6,0.0259,True,612,0,227,338,10002.78,monte_carlo_run_156_seed_198.log
157,6,-1,-1,1,-1,1,199,3101,0.563,7.05,True,Incontro Flotta Deep-Space,1540.19,8.67,Collaborativa,108,2,1022,33.1,154,116,16,2,12,128,34,34,0,26,18,7,8670.01,329,1.6,1.6,0.0,False,865,0,553,811,10002.04,monte_carlo_run_157_seed_199.log
158,6,-1,-1,1,-1,1,200,3101,0.4,5.21,True,Contatto Planetario / Biofirme,468.75,11.61,Diffidente,26,1,587,33.85,93,72,13,4,8,79,15,15,0,9,9,0,8574.31,184,1.413,1.6,0.1865,True,486,0,220,394,9270.92,monte_carlo_run_158_seed_200.log
159,6,-1,-1,1,-1,1,201,3101,0.403,8.09,True,Contatto Planetario / Biofirme,206.6,16.75,Collaborativa,8,0,512,24.79,90,71,10,2,7,78,12,12,0,10,9,1,8574.64,209,1.6,1.6,0.0,False,419,0,267,454,7001.27,monte_carlo_run_159_seed_201.log
160,6,-1,-1,1,-1,1,202,3101,0.564,8.56,True,Incontro Flotta Deep-Space,42.19,3.76,Predatoria,7,0,67,9.16,14,11,2,1,1,11,3,3,0,1,1,0,8507.89,31,1.272,0.973,-0.2988,False,53,0,14,44,2421.13,monte_carlo_run_160_seed_202.log
161,6,-1,-1,1,-1,1,203,3101,0.356,6.27,True,Incontro Flotta Deep-Space,585.56,3.35,Biosfera Primitiva,28,0,514,13.1,90,65,5,3,2,82,5,5,0,4,2,1,8521.81,198,1.6,1.6,0.0,False,422,0,339,476,8849.15,monte_carlo_run_161_seed_203.log
162,6,-1,-1,1,-1,1,204,3101,0.37,8.93,True,Incontro Flotta Deep-Space,427.7,7.0,Neutrale,41,0,1043,21.6,164,119,10,3,6,149,12,12,0,8,4,3,8553.27,390,1.6,1.6,0.0,False,873,0,669,1123,4568.12,monte_carlo_run_162_seed_204.log
163,6,-1,-1,1,-1,1,205,3101,0.42,7.46,True,Incontro Flotta Deep-Space,0.04,7.15,Predatoria,4,0,559,11.39,91,67,8,2,3,82,1,1,0,1,1,0,8510.8,224,1.6,1.533,-0.0673,False,465,0,323,523,4809.39,monte_carlo_run_163_seed_205.log
164,6,-1,-1,1,-1,1,206,3101,0.575,12.38,True,Incontro Flotta Deep-Space,116.1,13.91,Diffidente,21,0,663,18.68,105,81,13,5,6,88,8,8,0,6,5,1,8535.86,236,1.6,1.6,0.0,False,557,0,296,489,5773.35,monte_carlo_run_164_seed_206.log
165,6,-1,-1,1,-1,1,207,3101,0.342,5.36,True,Incontro Flotta Deep-Space,941.02,5.5,Biosfera Primitiva,115,0,471,29.0,85,59,11,2,6,67,11,11,0,7,6,1,8554.83,152,1.6,1.6,0.0,False,385,0,229,356,6472.26,monte_carlo_run_165_seed_207.log
166,6,-1,-1,1,-1,1,208,3101,0.49,8.79,True,Incontro Flotta Deep-Space,30.8,5.46,Collaborativa,4,0,1385,21.06,231,163,16,3,11,204,10,10,0,9,8,1,8557.56,538,1.462,1.6,0.1385,True,1149,0,797,1466,9454.13,monte_carlo_run_166_seed_208.log
167,6,-1,-1,1,-1,1,209,3101,0.494,10.75,True,Incontro Flotta Deep-Space,454.76,5.8,Ostile,52,0,1178,19.36,225,175,16,6,9,202,15,15,0,11,9,2,8578.06,524,1.6,1.6,0.0,False,949,0,1088,1705,6259.98,monte_carlo_run_167_seed_209.log
168,6,-1,-1,1,-1,1,210,3101,0.562,13.73,True,Incontro Flotta Deep-Space,627.34,10.87,Diffidente,67,2,1182,34.45,189,137,14,4,10,163,28,28,0,19,15,3,8623.65,388,1.6,1.6,0.0,False,990,0,511,868,8601.87,monte_carlo_run_168_seed_210.log
169,6,-1,-1,1,-1,1,211,3101,0.397,9.86,True,Contatto Planetario / Biofirme,207.52,9.5,Collaborativa,12,0,688,26.79,107,83,11,3,7,91,28,28,0,24,20,3,8649.52,230,1.51,1.6,0.0902,True,581,0,320,522,6425.84,monte_carlo_run_169_seed_211.log
170,6,-1,-1,1,-1,1,212,3101,0.376,8.98,True,Incontro Flotta Deep-Space,98.46,9.84,Diffidente,21,0,470,12.98,78,63,11,5,5,65,19,19,0,13,7,5,8601.11,164,1.507,1.6,0.0932,True,388,0,280,406,6531.27,monte_carlo_run_170_seed_212.log
171,6,-1,-1,1,-1,1,213,3101,0.408,9.64,True,Contatto Planetario / Biofirme,148.59,13.27,Diffidente,7,0,486,30.76,79,61,9,1,7,70,19,19,0,13,9,4,8599.36,171,1.476,1.6,0.1243,True,406,0,226,350,8865.15,monte_carlo_run_171_seed_213.log
172,6,-1,-1,1,-1,1,214,3101,0.529,10.61,True,Contatto Planetario / Biofirme,217.91,25.32,Collaborativa,15,0,340,25.32,56,45,4,1,2,50,12,12,0,8,6,2,8557.14,117,1.6,1.6,0.0,False,284,0,150,211,7246.47,monte_carlo_run_172_seed_214.log
173,6,-1,-1,1,-1,1,215,3101,0.527,11.29,False,Solitudine / Nessun Contatto,,,Nessuna,943,1,943,22.52,154,109,7,1,5,141,16,16,0,10,10,0,8573.56,322,1.347,1.6,0.2528,True,783,0,449,847,6015.51,monte_carlo_run_173_seed_215.log
174,6,-1,-1,1,-1,1,216,3101,0.241,4.26,True,Incontro Flotta Deep-Space,1267.27,15.21,Diffidente,30,0,109,35.86,18,12,3,1,2,14,12,12,0,8,5,3,8548.92,31,1.6,1.6,0.0,False,79,0,25,30,5797.42,monte_carlo_run_174_seed_216.log
175,6,-1,-1,1,-1,1,217,3101,0.436,10.57,True,Incontro Flotta Deep-Space,1680.22,0.0,Biosfera Primitiva,253,1,733,18.39,126,94,10,5,5,108,8,8,0,5,4,1,8529.85,279,1.427,1.6,0.1734,True,604,0,362,583,7904.83,monte_carlo_run_175_seed_217.log
176,6,-1,-1,1,-1,1,218,3101,0.305,4.22,False,Solitudine / Nessun Contatto,,,Nessuna,2,0,2,3.04,1,1,1,1,0,0,0,0,0,0,0,0,8500.0,2,1.0,1.0,0.0,False,0,0,0,0,39.83,monte_carlo_run_176_seed_218.log
177,6,-1,-1,1,-1,1,219,3101,0.426,6.69,True,Incontro Flotta Deep-Space,751.7,10.93,Ostile,83,0,977,20.23,141,104,14,4,8,123,27,27,0,16,14,2,8612.34,292,1.569,1.6,0.0313,True,837,0,423,652,10003.81,monte_carlo_run_177_seed_219.log
178,6,-1,-1,1,-1,1,220,3101,0.307,7.54,True,Incontro Flotta Deep-Space,537.98,5.17,Biosfera Primitiva,16,2,912,24.85,143,98,12,1,10,125,20,20,0,16,10,5,8603.17,284,1.531,1.6,0.069,True,768,0,338,587,10000.1,monte_carlo_run_178_seed_220.log
179,6,-1,-1,1,-1,1,221,3101,0.32,6.0,True,Incontro Flotta Deep-Space,507.57,3.3,Biosfera Primitiva,15,1,397,20.86,73,55,7,1,6,65,18,18,0,11,11,0,8564.87,131,1.501,1.6,0.0987,True,323,0,149,254,9055.49,monte_carlo_run_179_seed_221.log
180,6,-1,-1,1,-1,1,222,3101,0.287,4.28,True,Incontro Flotta Deep-Space,459.56,2.28,Neutrale,44,0,72,6.71,12,8,2,2,0,9,1,1,0,1,0,0,8505.62,33,1.471,1.447,-0.0242,False,53,0,23,35,2778.86,monte_carlo_run_180_seed_222.log
181,7,-1,-1,1,1,-1,223,3101,0.416,7.98,True,Incontro Flotta Deep-Space,1485.84,20.36,Neutrale,98,1,525,40.64,44,33,3,1,2,40,26,26,0,18,13,3,8621.92,84,1.593,1.6,0.007,True,481,0,54,110,10002.45,monte_carlo_run_181_seed_223.log
182,7,-1,-1,1,1,-1,224,3101,0.584,11.57,True,Contatto Planetario / Biofirme,149.85,13.85,Diffidente,11,1,914,28.91,59,38,3,1,2,52,17,17,0,15,12,2,8597.18,122,1.6,1.6,0.0,False,851,0,95,150,10004.05,monte_carlo_run_182_seed_224.log
183,7,-1,-1,1,1,-1,225,3101,0.532,9.2,True,Contatto Planetario / Biofirme,126.5,9.35,Ostile,9,4,877,39.59,48,41,6,1,3,38,20,20,0,16,13,2,8604.05,70,1.6,1.6,0.0,False,827,0,29,65,10002.54,monte_carlo_run_183_seed_225.log
184,7,-1,-1,1,1,-1,226,3101,0.308,6.64,True,Contatto Planetario / Biofirme,36.15,9.11,Ostile,3,1,475,35.68,35,24,4,2,1,28,15,15,0,11,9,2,8573.98,52,1.567,1.6,0.0329,True,439,0,34,61,10000.21,monte_carlo_run_184_seed_226.log
185,7,-1,-1,1,1,-1,227,3101,0.362,5.77,True,Incontro Flotta Deep-Space,8284.16,20.46,Collaborativa,301,2,377,42.01,22,14,1,1,0,19,17,17,0,11,5,2,8582.08,30,1.6,1.582,-0.0182,False,353,0,10,18,10001.96,monte_carlo_run_185_seed_227.log
186,7,-1,-1,1,1,-1,228,3101,0.555,9.76,True,Contatto Planetario / Biofirme,22.17,8.06,Predatoria,3,0,459,29.2,34,27,2,1,0,31,14,14,0,10,9,1,8575.93,72,1.576,1.6,0.0244,True,424,0,38,76,10007.33,monte_carlo_run_186_seed_228.log
187,7,-1,-1,1,1,-1,229,3101,0.334,4.06,False,Solitudine / Nessun Contatto,,,Nessuna,12,0,12,11.02,3,2,2,1,1,1,1,1,0,0,0,0,8500.76,2,1.075,0.931,-0.1442,False,8,0,1,1,715.75,monte_carlo_run_187_seed_229.log
188,7,-1,-1,1,1,-1,230,3101,0.216,4.68,True,Incontro Flotta Deep-Space,5810.84,13.05,Biosfera Primitiva,76,0,147,37.81,10,9,3,1,1,6,5,5,0,4,2,1,8544.16,17,1.593,1.6,0.0075,True,132,0,8,12,10001.76,monte_carlo_run_188_seed_230.log
189,7,-1,-1,1,1,-1,231,3101,0.338,5.52,True,Incontro Flotta Deep-Space,1924.0,9.11,Biosfera Primitiva,85,0,762,43.74,48,38,4,1,3,42,23,23,0,14,9,3,8604.35,84,1.6,1.6,0.0,False,713,0,63,98,10000.84,monte_carlo_run_189_seed_231.log
190,7,-1,-1,1,1,-1,232,3101,0.532,12.01,True,Incontro Flotta Deep-Space,1861.11,5.02,Biosfera Primitiva,92,2,538,34.41,32,21,1,1,0,28,10,10,0,7,5,1,8552.27,68,1.556,1.6,0.0441,True,504,0,31,58,10001.3,monte_carlo_run_190_seed_232.log
191,7,-1,-1,1,1,-1,233,3101,0.305,6.84,True,Incontro Flotta Deep-Space,531.17,7.23,Collaborativa,28,2,764,51.55,47,33,4,1,1,41,11,11,0,9,8,1,8565.6,110,1.6,1.6,0.0,False,714,0,69,127,10001.64,monte_carlo_run_191_seed_233.log
192,7,-1,-1,1,1,-1,234,3101,0.549,7.4,True,Incontro Flotta Deep-Space,1633.55,17.18,Ostile,93,2,648,39.58,48,35,6,2,3,40,29,29,0,20,18,2,8634.49,82,1.6,1.6,0.0,False,601,0,36,85,10005.68,monte_carlo_run_192_seed_234.log
193,7,-1,-1,1,1,-1,235,3101,0.423,10.12,True,Contatto Planetario / Biofirme,112.92,12.6,Ostile,6,1,549,36.1,31,22,6,2,2,23,20,20,0,15,9,2,8593.25,46,1.6,1.6,0.0,False,517,0,13,39,10000.14,monte_carlo_run_193_seed_235.log
194,7,-1,-1,1,1,-1,236,3101,0.3,5.5,True,Contatto Planetario / Biofirme,4569.16,18.93,Cauta,180,0,423,34.49,31,28,4,2,2,27,24,24,0,17,9,5,8616.85,55,1.6,1.6,0.0,False,391,0,29,50,10003.99,monte_carlo_run_194_seed_236.log
195,7,-1,-1,1,1,-1,237,3101,0.477,11.44,True,Incontro Flotta Deep-Space,1537.79,5.74,Collaborativa,64,1,536,30.03,38,29,5,2,3,31,17,17,0,11,7,2,8564.56,62,1.588,1.6,0.0119,True,496,0,41,78,10002.42,monte_carlo_run_195_seed_237.log
196,7,-1,-1,1,1,-1,238,3101,0.284,4.25,True,Incontro Flotta Deep-Space,1342.88,12.31,Diffidente,32,0,179,38.42,9,6,1,1,0,8,8,8,0,6,4,2,8544.03,20,1.6,1.6,0.0,False,159,0,8,12,10001.23,monte_carlo_run_196_seed_238.log
197,7,-1,-1,1,1,-1,239,3101,0.382,5.24,True,Incontro Flotta Deep-Space,2006.47,16.59,Collaborativa,56,1,357,27.09,24,17,1,1,0,22,5,5,0,5,1,2,8533.06,53,1.6,1.6,0.0,False,332,0,24,44,10004.97,monte_carlo_run_197_seed_239.log
198,7,-1,-1,1,1,-1,240,3101,0.434,6.82,True,Incontro Flotta Deep-Space,899.54,14.53,Collaborativa,41,2,308,40.58,24,18,4,1,2,17,15,15,0,8,5,3,8569.28,33,1.6,1.6,0.0,False,284,0,26,41,10001.4,monte_carlo_run_198_seed_240.log
199,7,-1,-1,1,1,-1,241,3101,0.286,6.45,True,Contatto Planetario / Biofirme,545.34,8.34,Cauta,20,0,553,34.18,45,33,3,1,2,38,11,11,0,7,5,2,8564.52,93,1.597,1.6,0.0035,True,504,0,78,119,10008.93,monte_carlo_run_199_seed_241.log
200,7,-1,-1,1,1,-1,242,3101,0.547,11.76,True,Contatto Planetario / Biofirme,177.68,21.66,Diffidente,13,0,776,40.43,49,37,6,2,3,40,14,14,0,8,6,2,8551.5,88,1.6,1.6,0.0,False,725,0,53,89,10003.24,monte_carlo_run_200_seed_242.log
201,7,-1,-1,1,1,-1,243,3101,0.353,8.57,True,Contatto Planetario / Biofirme,35.84,8.98,Diffidente,4,2,766,37.48,47,31,2,2,0,42,22,22,0,15,11,3,8594.58,94,1.6,1.6,0.0,False,717,0,54,99,10010.08,monte_carlo_run_201_seed_243.log
202,7,-1,-1,1,1,-1,244,3101,0.287,5.07,True,Incontro Flotta Deep-Space,4542.66,14.15,Biosfera Primitiva,107,0,205,40.83,20,17,1,1,0,19,19,19,0,10,7,2,8577.82,29,1.557,1.6,0.0433,True,181,0,25,29,10004.61,monte_carlo_run_202_seed_244.log
203,7,-1,-1,1,1,-1,245,3101,0.341,4.82,True,Incontro Flotta Deep-Space,612.77,7.45,Collaborativa,21,0,218,47.28,13,10,3,1,2,9,9,9,0,8,5,3,8557.86,21,1.6,1.6,0.0,False,199,0,10,18,10000.65,monte_carlo_run_203_seed_245.log
204,7,-1,-1,1,1,-1,246,3101,0.469,6.92,True,Incontro Flotta Deep-Space,1210.74,20.25,Diffidente,53,1,569,33.68,28,18,3,2,1,23,11,11,0,8,7,1,8552.54,55,1.6,1.6,0.0,False,540,0,21,40,10002.95,monte_carlo_run_204_seed_246.log
205,7,-1,-1,1,1,-1,247,3101,0.275,6.11,True,Incontro Flotta Deep-Space,542.0,5.34,Collaborativa,13,0,364,27.46,20,17,2,2,0,18,12,12,0,7,4,3,8560.58,36,1.6,1.6,0.0,False,343,0,16,33,10002.57,monte_carlo_run_205_seed_247.log
206,7,-1,-1,1,1,-1,248,3101,0.572,11.34,True,Incontro Flotta Deep-Space,1303.44,6.35,Biosfera Primitiva,89,0,342,26.14,26,19,3,1,1,23,14,14,0,7,4,0,8547.29,37,1.6,1.6,0.0,False,316,0,23,38,10004.85,monte_carlo_run_206_seed_248.log
207,7,-1,-1,1,1,-1,249,3101,0.391,6.28,True,Incontro Flotta Deep-Space,4475.72,26.54,Neutrale,168,0,391,41.01,28,21,2,1,1,26,25,25,0,18,9,6,8632.87,52,1.6,1.6,0.0,False,358,0,25,45,10000.53,monte_carlo_run_207_seed_249.log
208,7,-1,-1,1,1,-1,250,3101,0.464,6.78,True,Incontro Flotta Deep-Space,2829.52,17.47,Ostile,121,0,516,39.48,31,23,1,1,0,29,26,26,0,16,12,3,8624.23,42,1.6,1.6,0.0,False,483,0,21,36,10003.29,monte_carlo_run_208_seed_250.log
209,7,-1,-1,1,1,-1,251,3101,0.467,8.7,True,Contatto Planetario / Biofirme,9.77,4.56,Cauta,2,0,445,32.04,31,26,5,2,3,25,21,21,0,13,8,3,8583.75,45,1.6,1.6,0.0,False,415,0,24,43,10001.28,monte_carlo_run_209_seed_251.log
210,7,-1,-1,1,1,-1,252,3101,0.246,3.89,True,Incontro Flotta Deep-Space,1145.1,7.85,Biosfera Primitiva,24,0,39,17.6,3,2,1,1,0,1,1,1,0,1,0,1,8503.68,6,1.6,1.371,-0.2289,False,33,0,3,3,4182.92,monte_carlo_run_210_seed_252.log
211,8,-1,-1,1,1,1,253,3101,0.522,9.94,True,Incontro Flotta Deep-Space,8.86,4.63,Cauta,5,0,409,13.3,22,16,1,1,0,18,4,4,0,2,0,2,8513.88,46,1.6,1.6,0.0,False,387,0,22,39,10001.13,monte_carlo_run_211_seed_253.log
212,8,-1,-1,1,1,1,254,3101,0.572,12.13,True,Contatto Planetario / Biofirme,143.7,12.08,Diffidente,19,0,583,18.75,43,30,3,1,1,36,11,11,0,8,7,0,8555.02,97,1.6,1.6,0.0,False,538,0,57,102,10002.26,monte_carlo_run_212_seed_254.log
213,8,-1,-1,1,1,1,255,3101,0.576,14.02,True,Contatto Planetario / Biofirme,10.3,5.93,Cauta,2,2,487,21.87,39,23,5,2,2,32,7,7,0,4,3,1,8522.84,67,1.6,1.6,0.0,False,448,0,41,66,10012.55,monte_carlo_run_213_seed_255.log
214,8,-1,-1,1,1,1,256,3101,0.273,3.97,False,Solitudine / Nessun Contatto,,,Nessuna,10,0,10,8.47,1,1,1,1,0,0,0,0,0,0,0,0,8500.0,2,1.022,1.022,0.0,False,5,0,0,0,530.0,monte_carlo_run_214_seed_256.log
215,8,-1,-1,1,1,1,257,3101,0.475,7.1,True,Incontro Flotta Deep-Space,901.69,0.0,Biosfera Primitiva,82,0,678,31.52,45,36,2,1,0,42,15,15,0,10,8,2,8584.78,82,1.6,1.6,0.0,False,632,0,38,80,10003.38,monte_carlo_run_215_seed_257.log
216,8,-1,-1,1,1,1,258,3101,0.387,4.65,True,Contatto Planetario / Biofirme,1040.34,28.29,Collaborativa,36,0,360,46.84,30,22,4,1,3,26,13,13,0,8,5,2,8557.22,60,1.6,1.6,0.0,False,313,0,37,70,10000.82,monte_carlo_run_216_seed_258.log
217,8,-1,-1,1,1,1,259,3101,0.34,5.04,True,Incontro Flotta Deep-Space,708.39,14.52,Collaborativa,40,0,385,56.05,15,8,1,1,0,13,9,9,0,6,3,3,8553.36,27,1.6,1.6,0.0,False,364,0,10,16,10000.3,monte_carlo_run_217_seed_259.log
218,8,-1,-1,1,1,1,260,3101,0.36,8.16,True,Incontro Flotta Deep-Space,184.74,16.22,Collaborativa,17,0,324,18.02,27,20,2,2,0,25,5,5,0,3,0,2,8520.38,65,1.6,1.6,0.0,False,296,0,47,70,4101.99,monte_carlo_run_218_seed_260.log
219,8,-1,-1,1,1,1,261,3101,0.306,5.15,True,Incontro Flotta Deep-Space,390.99,8.22,Diffidente,24,0,260,51.25,12,7,3,1,2,8,8,8,0,6,6,0,8541.34,22,1.6,1.6,0.0,False,244,0,5,11,10006.13,monte_carlo_run_219_seed_261.log
220,8,-1,-1,1,1,1,262,3101,0.49,9.07,True,Contatto Planetario / Biofirme,218.27,14.19,Ostile,14,1,633,31.44,40,28,5,2,2,34,18,18,0,12,6,6,8588.95,68,1.6,1.6,0.0,False,592,0,27,48,10007.41,monte_carlo_run_220_seed_262.log
221,8,-1,-1,1,1,1,263,3101,0.293,4.05,False,Solitudine / Nessun Contatto,,,Nessuna,21,0,21,17.49,1,1,1,1,0,0,0,0,0,0,0,0,8500.0,2,1.153,1.153,0.0,False,16,0,0,0,1308.41,monte_carlo_run_221_seed_263.log
222,8,-1,-1,1,1,1,264,3101,0.333,7.53,True,Incontro Flotta Deep-Space,317.75,8.77,Cauta,39,0,792,23.34,54,41,4,2,2,48,2,2,0,1,1,0,8505.36,132,1.6,1.6,0.0,False,735,0,100,181,10001.19,monte_carlo_run_222_seed_264.log
223,8,-1,-1,1,1,1,265,3101,0.334,5.66,True,Incontro Flotta Deep-Space,3395.77,6.36,Biosfera Primitiva,124,0,407,40.22,23,19,2,1,1,21,13,13,0,10,7,2,8558.49,41,1.6,1.6,0.0,False,382,0,17,37,10005.3,monte_carlo_run_223_seed_265.log
224,8,-1,-1,1,1,1,266,3101,0.345,8.49,True,Incontro Flotta Deep-Space,419.42,8.11,Neutrale,17,1,285,40.17,21,18,5,2,3,15,15,15,0,10,6,2,8563.88,32,1.6,1.6,0.0,False,264,0,9,17,8141.85,monte_carlo_run_224_seed_266.log
225,8,-1,-1,1,1,1,267,3101,0.223,3.52,False,Solitudine / Nessun Contatto,,,Nessuna,1,0,1,0.0,1,1,1,1,0,0,0,0,0,0,0,0,8500.0,2,1.0,1.0,0.0,False,0,0,0,0,0.02,monte_carlo_run_225_seed_267.log
226,8,-1,-1,1,1,1,268,3101,0.552,13.15,True,Incontro Flotta Deep-Space,42.19,10.87,Diffidente,5,0,457,39.4,38,29,4,2,1,34,18,18,0,8,6,2,8563.28,51,1.6,1.6,0.0,False,418,0,23,43,10003.08,monte_carlo_run_226_seed_268.log
227,8,-1,-1,1,1,1,269,3101,0.346,5.01,True,Incontro Flotta Deep-Space,3148.46,13.2,Collaborativa,163,1,422,40.67,16,11,2,2,0,13,9,9,0,8,7,1,8562.12,40,1.6,1.596,-0.0041,False,401,0,21,34,10001.29,monte_carlo_run_227_seed_269.log
228,8,-1,-1,1,1,1,270,3101,0.403,7.53,True,Incontro Flotta Deep-Space,516.86,6.2,Neutrale,20,1,518,42.41,44,34,3,1,2,39,32,32,0,22,14,7,8659.81,66,1.596,1.6,0.0036,True,473,0,39,68,10000.81,monte_carlo_run_228_seed_270.log
229,8,-1,-1,1,1,1,271,3101,0.227,3.2,False,Solitudine / Nessun Contatto,,,Nessuna,7,0,7,7.09,2,2,1,1,0,1,1,1,0,0,0,0,8500.58,2,1.012,0.938,-0.0741,False,4,0,0,0,362.86,monte_carlo_run_229_seed_271.log
230,8,-1,-1,1,1,1,272,3101,0.413,9.82,True,Incontro Flotta Deep-Space,1039.13,10.41,Collaborativa,44,0,593,34.25,35,22,4,1,3,29,18,18,0,13,8,4,8590.14,48,1.6,1.6,0.0,False,556,0,14,29,10004.21,monte_carlo_run_230_seed_272.log
231,8,-1,-1,1,1,1,273,3101,0.302,4.37,True,Incontro Flotta Deep-Space,508.51,5.47,Diffidente,17,0,176,38.09,10,6,3,1,2,7,5,5,0,5,2,3,8529.87,22,1.6,1.6,0.0,False,148,0,10,13,9677.72,monte_carlo_run_231_seed_273.log
232,8,-1,-1,1,1,1,274,3101,0.57,13.97,True,Incontro Flotta Deep-Space,274.69,17.02,Diffidente,28,1,642,35.8,35,24,6,2,3,27,15,15,0,11,11,0,8589.28,62,1.6,1.6,0.0,False,604,0,19,43,9660.85,monte_carlo_run_232_seed_274.log
233,8,-1,-1,1,1,1,275,3101,0.477,6.02,True,Incontro Flotta Deep-Space,2780.95,17.63,Collaborativa,213,1,257,26.37,21,13,2,1,0,18,13,13,0,8,4,2,8541.72,37,1.6,1.6,0.0,False,235,0,25,39,5608.17,monte_carlo_run_233_seed_275.log
234,8,-1,-1,1,1,1,276,3101,0.223,5.37,True,Incontro Flotta Deep-Space,1785.74,20.19,Neutrale,74,1,414,36.11,28,15,1,1,0,26,23,23,0,18,5,9,8625.19,56,1.6,1.6,0.0,False,385,0,44,60,10000.22,monte_carlo_run_234_seed_276.log
235,8,-1,-1,1,1,1,277,3101,0.587,13.57,True,Incontro Flotta Deep-Space,610.93,12.37,Diffidente,52,1,615,40.34,45,35,4,1,2,40,28,28,0,20,14,6,8656.13,86,1.6,1.6,0.0,False,567,0,53,88,10004.93,monte_carlo_run_235_seed_277.log
236,8,-1,-1,1,1,1,278,3101,0.38,6.25,True,Contatto Planetario / Biofirme,14.16,5.38,Cauta,2,2,359,33.69,27,19,4,2,2,21,16,16,0,11,9,1,8572.41,39,1.6,1.6,0.0004,True,331,0,26,43,10001.49,monte_carlo_run_236_seed_278.log
237,8,-1,-1,1,1,1,279,3101,0.41,9.2,True,Incontro Flotta Deep-Space,526.04,8.68,Neutrale,31,1,696,30.73,60,43,4,1,2,52,9,9,0,5,4,1,8527.65,127,1.6,1.6,0.0,False,635,0,79,142,10007.5,monte_carlo_run_237_seed_279.log
238,8,-1,-1,1,1,1,280,3101,0.386,9.06,True,Incontro Flotta Deep-Space,1615.62,17.11,Diffidente,120,1,754,43.01,49,37,3,1,2,44,24,24,0,18,13,4,8617.27,101,1.6,1.6,0.0,False,704,0,51,101,10003.84,monte_carlo_run_238_seed_280.log
239,8,-1,-1,1,1,1,281,3101,0.575,7.45,True,Contatto Planetario / Biofirme,1798.4,11.09,Predatoria,158,1,585,32.07,43,34,4,2,2,37,19,19,0,14,11,3,8606.35,93,1.6,1.6,0.0,False,540,0,58,96,10006.44,monte_carlo_run_239_seed_281.log
240,8,-1,-1,1,1,1,282,3101,0.302,5.61,True,Incontro Flotta Deep-Space,574.39,6.93,Collaborativa,19,0,496,28.01,35,27,2,1,1,31,16,16,0,9,5,3,8561.5,69,1.6,1.574,-0.0264,False,459,0,45,71,10001.05,monte_carlo_run_240_seed_282.log
241,9,-1,1,-1,-1,-1,283,3101,0.131,1.76,False,Solitudine / Nessun Contatto,,,Nessuna,1,0,1,0.0,1,1,1,1,0,0,0,0,0,0,0,0,8500.0,2,1.0,1.0,0.0,False,0,0,0,0,0.02,monte_carlo_run_241_seed_283.log
242,9,-1,1,-1,-1,-1,284,3101,0.141,3.4,False,Solitudine / Nessun Contatto,,,Nessuna,11,0,11,9.94,2,2,1,1,0,1,1,1,0,1,0,0,8502.83,3,1.067,1.153,0.0857,True,8,0,1,1,915.19,monte_carlo_run_242_seed_284.log
243,9,-1,1,-1,-1,-1,285,3101,0.141,1.95,False,Solitudine / Nessun Contatto,,,Nessuna,1,0,1,0.0,2,2,2,1,1,0,0,0,0,0,0,0,8500.0,2,1.0,1.0,0.0,False,0,0,1,1,0.02,monte_carlo_run_243_seed_285.log
244,9,-1,1,-1,-1,-1,286,3101,0.056,0.72,False,Solitudine / Nessun Contatto,,,Nessuna,1,0,1,0.0,2,2,2,1,1,0,0,0,0,0,0,0,8500.0,2,1.0,1.0,0.0,False,0,0,1,1,0.02,monte_carlo_run_244_seed_286.log
245,9,-1,1,-1,-1,-1,287,3101,0.15,2.54,False,Solitudine / Nessun Contatto,,,Nessuna,1,0,1,0.0,3,3,3,1,2,0,0,0,0,0,0,0,8500.0,2,1.0,1.0,0.0,False,0,0,0,2,0.02,monte_carlo_run_245_seed_287.log
246,9,-1,1,-1,-1,-1,288,3101,0.064,1.04,False,Solitudine / Nessun Contatto,,,Nessuna,1,0,1,0.0,2,2,2,1,1,0,0,0,0,0,0,0,8500.0,2,1.0,1.0,0.0,False,0,0,0,1,0.02,monte_carlo_run_246_seed_288.log
247,9,-1,1,-1,-1,-1,289,3101,0.064,0.91,False,Solitudine / Nessun Contatto,,,Nessuna,1,0,1,0.0,1,1,1,1,0,0,0,0,0,0,0,0,8500.0,2,1.0,1.0,0.0,False,0,0,0,0,0.02,monte_carlo_run_247_seed_289.log
248,9,-1,1,-1,-1,-1,290,3101,0.074,1.08,False,Solitudine / Nessun Contatto,,,Nessuna,1,0,1,0.0,2,2,2,1,1,0,0,0,0,0,0,0,8500.0,2,1.0,1.0,0.0,False,0,0,0,1,0.02,monte_carlo_run_248_seed_290.log
249,9,-1,1,-1,-1,-1,291,3101,0.082,1.09,False,Solitudine / Nessun Contatto,,,Nessuna,1,0,1,0.0,1,1,1,1,0,0,0,0,0,0,0,0,8500.0,2,1.0,1.0,0.0,False,0,0,0,0,0.02,monte_carlo_run_249_seed_291.log
250,9,-1,1,-1,-1,-1,292,3101,0.121,2.03,False,Solitudine / Nessun Contatto,,,Nessuna,1,0,1,0.0,2,2,2,1,1,0,0,0,0,0,0,0,8500.0,2,1.0,1.0,0.0,False,0,0,1,1,0.02,monte_carlo_run_250_seed_292.log
251,9,-1,1,-1,-1,-1,293,3101,0.111,1.66,False,Solitudine / Nessun Contatto,,,Nessuna,1,0,1,0.0,3,3,3,0,3,0,0,0,0,0,0,0,8500.0,1,0.985,0.985,0.0,False,0,0,0,3,0.02,monte_carlo_run_251_seed_293.log
252,9,-1,1,-1,-1,-1,294,3101,0.149,2.52,False,Solitudine / Nessun Contatto,,,Nessuna,2,0,2,1.94,3,3,3,1,2,0,0,0,0,0,0,0,8500.0,2,1.005,1.005,0.0,False,0,0,1,2,103.93,monte_carlo_run_252_seed_294.log
253,9,-1,1,-1,-1,-1,295,3101,0.09,1.97,False,Solitudine / Nessun Contatto,,,Nessuna,1,0,1,0.0,1,1,1,1,0,0,0,0,0,0,0,0,8500.0,2,1.0,1.0,0.0,False,0,0,0,0,0.02,monte_carlo_run_253_seed_295.log
254,9,-1,1,-1,-1,-1,296,3101,0.131,2.29,False,Solitudine / Nessun Contatto,,,Nessuna,2,0,2,1.74,2,2,2,0,2,0,0,0,0,0,0,0,8500.0,2,0.975,0.975,0.0,False,0,0,0,1,99.6,monte_carlo_run_254_seed_296.log
255,9,-1,1,-1,-1,-1,297,3101,0.053,0.84,False,Solitudine / Nessun Contatto,,,Nessuna,1,0,1,0.0,1,1,1,1,0,0,0,0,0,0,0,0,8500.0,2,1.0,1.0,0.0,False,0,0,0,0,0.02,monte_carlo_run_255_seed_297.log
256,9,-1,1,-1,-1,-1,298,3101,0.137,2.17,False,Solitudine / Nessun Contatto,,,Nessuna,1,0,1,0.0,2,2,2,1,1,0,0,0,0,0,0,0,8500.0,2,1.0,1.0,0.0,False,0,0,1,1,0.02,monte_carlo_run_256_seed_298.log
257,9,-1,1,-1,-1,-1,299,3101,0.119,1.92,False,Solitudine / Nessun Contatto,,,Nessuna,3,0,3,3.17,2,2,2,1,1,0,0,0,0,0,0,0,8500.0,2,1.008,1.008,0.0,False,1,0,1,1,141.5,monte_carlo_run_257_seed_299.log
258,9,-1,1,-1,-1,-1,300,3101,0.067,1.3,False,Solitudine / Nessun Contatto,,,Nessuna,1,0,1,0.0,2,2,2,0,2,0,0,0,0,0,0,0,8500.0,1,0.985,0.985,0.0,False,0,0,0,1,0.02,monte_carlo_run_258_seed_300.log
259,9,-1,1,-1,-1,-1,301,3101,0.124,3.09,False,Solitudine / Nessun Contatto,,,Nessuna,4,0,4,4.55,3,2,1,0,1,1,1,1,0,0,0,0,8501.11,1,0.932,0.95,0.0183,True,1,0,0,1,248.83,monte_carlo_run_259_seed_301.log
260,9,-1,1,-1,-1,-1,302,3101,0.135,3.19,False,Solitudine / Nessun Contatto,,,Nessuna,2,0,2,1.0,1,1,1,1,0,0,0,0,0,0,0,0,8500.0,2,1.0,1.0,0.0,False,0,0,0,0,29.71,monte_carlo_run_260_seed_302.log
261,9,-1,1,-1,-1,-1,303,3101,0.097,2.09,False,Solitudine / Nessun Contatto,,,Nessuna,1,0,1,0.0,1,1,1,1,0,0,0,0,0,0,0,0,8500.0,2,1.0,1.0,0.0,False,0,0,0,0,0.02,monte_carlo_run_261_seed_303.log
262,9,-1,1,-1,-1,-1,304,3101,0.055,0.9,False,Solitudine / Nessun Contatto,,,Nessuna,1,0,1,0.0,2,2,2,1,1,0,0,0,0,0,0,0,8500.0,2,1.0,1.0,0.0,False,0,0,0,1,0.02,monte_carlo_run_262_seed_304.log
263,9,-1,1,-1,-1,-1,305,3101,0.06,1.41,False,Solitudine / Nessun Contatto,,,Nessuna,1,0,1,0.0,1,1,1,1,0,0,0,0,0,0,0,0,8500.0,2,1.0,1.0,0.0,False,0,0,0,0,0.02,monte_carlo_run_263_seed_305.log
264,9,-1,1,-1,-1,-1,306,3101,0.06,1.19,False,Solitudine / Nessun Contatto,,,Nessuna,1,0,1,0.0,2,2,2,1,1,0,0,0,0,0,0,0,8500.0,2,1.0,1.0,0.0,False,0,0,1,1,0.02,monte_carlo_run_264_seed_306.log
265,9,-1,1,-1,-1,-1,307,3101,0.103,1.98,False,Solitudine / Nessun Contatto,,,Nessuna,1,0,1,0.0,2,2,2,1,1,0,0,0,0,0,0,0,8500.0,2,1.0,1.0,0.0,False,0,0,1,1,0.02,monte_carlo_run_265_seed_307.log
266,9,-1,1,-1,-1,-1,308,3101,0.072,1.18,False,Solitudine / Nessun Contatto,,,Nessuna,1,0,1,0.0,1,1,1,1,0,0,0,0,0,0,0,0,8500.0,2,1.0,1.0,0.0,False,0,0,0,0,0.02,monte_carlo_run_266_seed_308.log
267,9,-1,1,-1,-1,-1,309,3101,0.145,2.77,False,Solitudine / Nessun Contatto,,,Nessuna,1,0,1,0.0,1,1,1,1,0,0,0,0,0,0,0,0,8500.0,2,1.0,1.0,0.0,False,0,0,0,0,0.02,monte_carlo_run_267_seed_309.log
268,9,-1,1,-1,-1,-1,310,3101,0.087,1.75,False,Solitudine / Nessun Contatto,,,Nessuna,1,0,1,0.0,1,1,1,1,0,0,0,0,0,0,0,0,8500.0,2,1.0,1.0,0.0,False,0,0,0,0,0.02,monte_carlo_run_268_seed_310.log
269,9,-1,1,-1,-1,-1,311,3101,0.13,3.16,False,Solitudine / Nessun Contatto,,,Nessuna,3,0,3,1.78,1,1,1,1,0,0,0,0,0,0,0,0,8500.0,2,1.004,1.004,0.0,False,2,0,0,0,169.89,monte_carlo_run_269_seed_311.log
270,9,-1,1,-1,-1,-1,312,3101,0.118,1.77,False,Solitudine / Nessun Contatto,,,Nessuna,1,0,1,0.0,1,1,1,1,0,0,0,0,0,0,0,0,8500.0,2,1.0,1.0,0.0,False,0,0,0,0,0.02,monte_carlo_run_270_seed_312.log
271,10,-1,1,-1,-1,1,313,3101,0.1,1.78,False,Solitudine / Nessun Contatto,,,Nessuna,2,0,2,1.36,1,1,1,1,0,0,0,0,0,0,0,0,8500.0,2,1.0,1.0,0.0,False,0,0,0,0,90.49,monte_carlo_run_271_seed_313.log
272,10,-1,1,-1,-1,1,314,3101,0.148,2.21,False,Solitudine / Nessun Contatto,,,Nessuna,3,0,3,0.71,2,2,2,2,0,0,0,0,0,0,0,0,8500.0,6,1.001,1.001,0.0,False,0,0,1,1,19.23,monte_carlo_run_272_seed_314.log
273,10,-1,1,-1,-1,1,315,3101,0.136,3.31,False,Solitudine / Nessun Contatto,,,Nessuna,7,0,7,0.0,2,2,2,2,0,0,0,0,0,0,0,0,8500.0,6,1.032,1.032,0.0,False,4,0,1,1,705.64,monte_carlo_run_273_seed_315.log
274,10,-1,1,-1,-1,1,316,3101,0.101,2.04,False,Solitudine / Nessun Contatto,,,Nessuna,1,0,1,0.0,1,1,1,1,0,0,0,0,0,0,0,0,8500.0,2,1.0,1.0,0.0,False,0,0,0,0,0.02,monte_carlo_run_274_seed_316.log
275,10,-1,1,-1,-1,1,317,3101,0.095,1.82,False,Solitudine / Nessun Contatto,,,Nessuna,2,0,2,0.9,2,2,1,1,0,1,1,1,0,0,0,0,8500.01,2,1.0,0.73,-0.2701,False,0,0,0,0,37.74,monte_carlo_run_275_seed_317.log
276,10,-1,1,-1,-1,1,318,3101,0.11,2.39,False,Solitudine / Nessun Contatto,,,Nessuna,2,0,2,0.0,2,2,2,2,0,0,0,0,0,0,0,0,8500.0,6,1.0,1.0,0.0,False,0,0,1,1,0.04,monte_carlo_run_276_seed_318.log
277,10,-1,1,-1,-1,1,319,3101,0.083,1.21,False,Solitudine / Nessun Contatto,,,Nessuna,1,0,1,0.0,1,1,1,1,0,0,0,0,0,0,0,0,8500.0,2,1.0,1.0,0.0,False,0,0,0,0,0.02,monte_carlo_run_277_seed_319.log
278,10,-1,1,-1,-1,1,320,3101,0.081,1.38,False,Solitudine / Nessun Contatto,,,Nessuna,1,0,1,0.0,1,1,1,1,0,0,0,0,0,0,0,0,8500.0,2,1.0,1.0,0.0,False,0,0,0,0,0.02,monte_carlo_run_278_seed_320.log
279,10,-1,1,-1,-1,1,321,3101,0.15,1.93,False,Solitudine / Nessun Contatto,,,Nessuna,2,0,2,0.0,2,2,2,2,0,0,0,0,0,0,0,0,8500.0,5,1.0,1.0,0.0,False,0,0,1,1,0.04,monte_carlo_run_279_seed_321.log
280,10,-1,1,-1,-1,1,322,3101,0.107,1.32,False,Solitudine / Nessun Contatto,,,Nessuna,1,0,1,0.0,1,1,1,1,0,0,0,0,0,0,0,0,8500.0,2,1.0,1.0,0.0,False,0,0,0,0,0.02,monte_carlo_run_280_seed_322.log
281,10,-1,1,-1,-1,1,323,3101,0.087,1.56,False,Solitudine / Nessun Contatto,,,Nessuna,2,0,2,0.0,2,2,2,2,0,0,0,0,0,0,0,0,8500.0,5,1.0,1.0,0.0,False,0,0,1,1,0.04,monte_carlo_run_281_seed_323.log
282,10,-1,1,-1,-1,1,324,3101,0.105,2.0,False,Solitudine / Nessun Contatto,,,Nessuna,4,0,4,1.99,2,1,1,1,0,0,0,0,0,0,0,0,8500.0,5,1.007,1.007,0.0,False,0,0,1,1,152.78,monte_carlo_run_282_seed_324.log
283,10,-1,1,-1,-1,1,325,3101,0.053,0.67,False,Solitudine / Nessun Contatto,,,Nessuna,2,0,2,0.0,2,2,2,2,0,0,0,0,0,0,0,0,8500.0,6,1.0,1.0,0.0,False,0,0,1,1,0.04,monte_carlo_run_283_seed_325.log
284,10,-1,1,-1,-1,1,326,3101,0.132,2.57,False,Solitudine / Nessun Contatto,,,Nessuna,1,0,1,0.0,1,1,1,1,0,0,0,0,0,0,0,0,8500.0,2,1.0,1.0,0.0,False,0,0,0,0,0.02,monte_carlo_run_284_seed_326.log
285,10,-1,1,-1,-1,1,327,3101,0.108,2.36,False,Solitudine / Nessun Contatto,,,Nessuna,3,0,3,0.0,2,2,2,2,0,0,0,0,0,0,0,0,8500.0,6,1.002,1.002,0.0,False,0,0,1,1,40.89,monte_carlo_run_285_seed_327.log
286,10,-1,1,-1,-1,1,328,3101,0.114,2.39,False,Solitudine / Nessun Contatto,,,Nessuna,2,0,2,1.94,1,1,1,1,0,0,0,0,0,0,0,0,8500.0,2,1.0,1.0,0.0,False,0,0,0,0,102.65,monte_carlo_run_286_seed_328.log
287,10,-1,1,-1,-1,1,329,3101,0.125,1.99,False,Solitudine / Nessun Contatto,,,Nessuna,7,0,7,0.0,3,3,3,3,0,0,0,0,0,0,0,0,8500.0,9,1.008,1.008,0.0,False,3,0,1,2,233.99,monte_carlo_run_287_seed_329.log
288,10,-1,1,-1,-1,1,330,3101,0.094,2.07,False,Solitudine / Nessun Contatto,,,Nessuna,1,0,1,0.0,1,1,1,1,0,0,0,0,0,0,0,0,8500.0,2,1.0,1.0,0.0,False,0,0,0,0,0.02,monte_carlo_run_288_seed_330.log
289,10,-1,1,-1,-1,1,331,3101,0.12,2.42,False,Solitudine / Nessun Contatto,,,Nessuna,1,0,1,0.0,1,1,1,1,0,0,0,0,0,0,0,0,8500.0,2,1.0,1.0,0.0,False,0,0,0,0,0.02,monte_carlo_run_289_seed_331.log
290,10,-1,1,-1,-1,1,332,3101,0.129,1.57,False,Solitudine / Nessun Contatto,,,Nessuna,1,0,1,0.0,1,1,1,1,0,0,0,0,0,0,0,0,8500.0,2,1.0,1.0,0.0,False,0,0,0,0,0.02,monte_carlo_run_290_seed_332.log
291,10,-1,1,-1,-1,1,333,3101,0.107,2.08,False,Solitudine / Nessun Contatto,,,Nessuna,2,0,2,0.0,2,2,2,2,0,0,0,0,0,0,0,0,8500.0,6,1.0,1.0,0.0,False,0,0,1,1,0.04,monte_carlo_run_291_seed_333.log
292,10,-1,1,-1,-1,1,334,3101,0.104,2.14,False,Solitudine / Nessun Contatto,,,Nessuna,1,0,1,0.0,1,1,1,1,0,0,0,0,0,0,0,0,8500.0,2,1.0,1.0,0.0,False,0,0,0,0,0.02,monte_carlo_run_292_seed_334.log
293,10,-1,1,-1,-1,1,335,3101,0.121,2.05,False,Solitudine / Nessun Contatto,,,Nessuna,3,0,3,0.0,3,3,3,3,0,0,0,0,0,0,0,0,8500.0,10,1.0,1.0,0.0,False,0,0,0,3,0.06,monte_carlo_run_293_seed_335.log
294,10,-1,1,-1,-1,1,336,3101,0.082,1.15,False,Solitudine / Nessun Contatto,,,Nessuna,2,0,2,0.0,2,2,2,2,0,0,0,0,0,0,0,0,8500.0,5,1.0,1.0,0.0,False,0,0,1,1,0.04,monte_carlo_run_294_seed_336.log
295,10,-1,1,-1,-1,1,337,3101,0.076,0.96,False,Solitudine / Nessun Contatto,,,Nessuna,2,0,2,0.0,2,2,2,2,0,0,0,0,0,0,0,0,8500.0,6,1.0,1.0,0.0,False,0,0,1,1,0.04,monte_carlo_run_295_seed_337.log
296,10,-1,1,-1,-1,1,338,3101,0.059,1.25,False,Solitudine / Nessun Contatto,,,Nessuna,2,0,2,0.0,2,2,2,2,0,0,0,0,0,0,0,0,8500.0,6,1.0,1.0,0.0,False,0,0,1,1,0.04,monte_carlo_run_296_seed_338.log
297,10,-1,1,-1,-1,1,339,3101,0.107,2.0,False,Solitudine / Nessun Contatto,,,Nessuna,2,0,2,0.0,2,2,2,2,0,0,0,0,0,0,0,0,8500.0,6,1.0,1.0,0.0,False,0,0,0,1,0.04,monte_carlo_run_297_seed_339.log
298,10,-1,1,-1,-1,1,340,3101,0.092,1.85,False,Solitudine / Nessun Contatto,,,Nessuna,4,0,4,1.53,3,3,3,3,0,0,0,0,0,0,0,0,8500.0,9,1.005,1.005,0.0,False,0,0,1,2,90.93,monte_carlo_run_298_seed_340.log
299,10,-1,1,-1,-1,1,341,3101,0.127,2.49,False,Solitudine / Nessun Contatto,,,Nessuna,2,0,2,0.0,2,2,2,2,0,0,0,0,0,0,0,0,8500.0,6,1.0,1.0,0.0,False,0,0,1,1,0.04,monte_carlo_run_299_seed_341.log
300,10,-1,1,-1,-1,1,342,3101,0.07,0.98,False,Solitudine / Nessun Contatto,,,Nessuna,2,0,2,0.0,2,2,2,2,0,0,0,0,0,0,0,0,8500.0,6,1.0,1.0,0.0,False,0,0,0,1,0.04,monte_carlo_run_300_seed_342.log
301,11,-1,1,-1,1,-1,343,3101,0.055,1.37,False,Solitudine / Nessun Contatto,,,Nessuna,1,0,1,0.0,2,2,2,1,1,0,0,0,0,0,0,0,8500.0,2,1.0,1.0,0.0,False,0,0,0,1,0.02,monte_carlo_run_301_seed_343.log
302,11,-1,1,-1,1,-1,344,3101,0.145,2.5,False,Solitudine / Nessun Contatto,,,Nessuna,1,0,1,0.0,2,2,2,1,1,0,0,0,0,0,0,0,8500.0,2,1.0,1.0,0.0,False,0,0,1,1,0.02,monte_carlo_run_302_seed_344.log
303,11,-1,1,-1,1,-1,345,3101,0.143,2.98,False,Solitudine / Nessun Contatto,,,Nessuna,1,0,1,0.0,1,1,1,1,0,0,0,0,0,0,0,0,8500.0,2,1.0,1.0,0.0,False,0,0,0,0,0.02,monte_carlo_run_303_seed_345.log
304,11,-1,1,-1,1,-1,346,3101,0.084,2.01,False,Solitudine / Nessun Contatto,,,Nessuna,1,0,1,0.0,1,1,1,1,0,0,0,0,0,0,0,0,8500.0,2,1.0,1.0,0.0,False,0,0,0,0,0.02,monte_carlo_run_304_seed_346.log
305,11,-1,1,-1,1,-1,347,3101,0.111,2.48,False,Solitudine / Nessun Contatto,,,Nessuna,2,0,2,1.99,1,1,1,1,0,0,0,0,0,0,0,0,8500.0,2,1.0,1.0,0.0,False,0,0,0,0,106.6,monte_carlo_run_305_seed_347.log
306,11,-1,1,-1,1,-1,348,3101,0.127,2.38,False,Solitudine / Nessun Contatto,,,Nessuna,2,0,2,2.16,1,1,1,1,0,0,0,0,0,0,0,0,8500.0,2,1.0,1.0,0.0,False,0,0,0,0,108.71,monte_carlo_run_306_seed_348.log
307,11,-1,1,-1,1,-1,349,3101,0.064,1.04,False,Solitudine / Nessun Contatto,,,Nessuna,1,0,1,0.0,1,1,1,1,0,0,0,0,0,0,0,0,8500.0,2,1.0,1.0,0.0,False,0,0,0,0,0.02,monte_carlo_run_307_seed_349.log
308,11,-1,1,-1,1,-1,350,3101,0.092,1.83,False,Solitudine / Nessun Contatto,,,Nessuna,1,0,1,0.0,2,2,2,0,2,0,0,0,0,0,0,0,8500.0,1,0.985,0.985,0.0,False,0,0,0,1,0.02,monte_carlo_run_308_seed_350.log
309,11,-1,1,-1,1,-1,351,3101,0.086,1.22,False,Solitudine / Nessun Contatto,,,Nessuna,2,0,2,0.96,1,1,1,1,0,0,0,0,0,0,0,0,8500.0,2,1.0,1.0,0.0,False,0,0,0,0,44.66,monte_carlo_run_309_seed_351.log
310,11,-1,1,-1,1,-1,352,3101,0.095,1.78,False,Solitudine / Nessun Contatto,,,Nessuna,1,0,1,0.0,1,1,1,1,0,0,0,0,0,0,0,0,8500.0,2,1.0,1.0,0.0,False,0,0,0,0,0.02,monte_carlo_run_310_seed_352.log
311,11,-1,1,-1,1,-1,353,3101,0.108,1.93,False,Solitudine / Nessun Contatto,,,Nessuna,5,0,5,3.79,3,3,2,1,1,1,1,1,0,0,0,0,8502.98,2,1.021,0.898,-0.1229,False,3,0,1,1,300.45,monte_carlo_run_311_seed_353.log
312,11,-1,1,-1,1,-1,354,3101,0.086,1.65,False,Solitudine / Nessun Contatto,,,Nessuna,1,0,1,0.0,1,1,1,1,0,0,0,0,0,0,0,0,8500.0,2,1.0,1.0,0.0,False,0,0,0,0,0.02,monte_carlo_run_312_seed_354.log
313,11,-1,1,-1,1,-1,355,3101,0.101,2.03,False,Solitudine / Nessun Contatto,,,Nessuna,1,0,1,0.0,3,3,3,1,2,0,0,0,0,0,0,0,8500.0,2,1.001,1.001,0.0,False,0,0,3,3,0.02,monte_carlo_run_313_seed_355.log
314,11,-1,1,-1,1,-1,356,3101,0.121,2.21,False,Solitudine / Nessun Contatto,,,Nessuna,2,0,2,2.11,1,1,1,1,0,0,0,0,0,0,0,0,8500.0,2,1.0,1.0,0.0,False,0,0,0,0,108.62,monte_carlo_run_314_seed_356.log
315,11,-1,1,-1,1,-1,357,3101,0.076,1.68,False,Solitudine / Nessun Contatto,,,Nessuna,1,0,1,0.0,1,1,1,1,0,0,0,0,0,0,0,0,8500.0,2,1.0,1.0,0.0,False,0,0,0,0,0.02,monte_carlo_run_315_seed_357.log
316,11,-1,1,-1,1,-1,358,3101,0.083,1.23,False,Solitudine / Nessun Contatto,,,Nessuna,1,0,1,0.0,1,1,1,1,0,0,0,0,0,0,0,0,8500.0,2,1.0,1.0,0.0,False,0,0,0,0,0.02,monte_carlo_run_316_seed_358.log
317,11,-1,1,-1,1,-1,359,3101,0.112,1.78,False,Solitudine / Nessun Contatto,,,Nessuna,1,0,1,0.0,1,1,1,1,0,0,0,0,0,0,0,0,8500.0,2,1.0,1.0,0.0,False,0,0,0,0,0.02,monte_carlo_run_317_seed_359.log
318,11,-1,1,-1,1,-1,360,3101,0.15,2.11,False,Solitudine / Nessun Contatto,,,Nessuna,1,0,1,0.0,1,1,1,1,0,0,0,0,0,0,0,0,8500.0,2,1.0,1.0,0.0,False,0,0,0,0,0.02,monte_carlo_run_318_seed_360.log
319,11,-1,1,-1,1,-1,361,3101,0.104,1.27,False,Solitudine / Nessun Contatto,,,Nessuna,1,0,1,0.0,3,3,3,1,2,0,0,0,0,0,0,0,8500.0,2,1.0,1.0,0.0,False,0,0,1,2,0.02,monte_carlo_run_319_seed_361.log
320,11,-1,1,-1,1,-1,362,3101,0.073,1.11,False,Solitudine / Nessun Contatto,,,Nessuna,1,0,1,0.0,2,2,2,1,1,0,0,0,0,0,0,0,8500.0,2,1.0,1.0,0.0,False,0,0,1,1,0.02,monte_carlo_run_320_seed_362.log
321,11,-1,1,-1,1,-1,363,3101,0.075,1.79,False,Solitudine / Nessun Contatto,,,Nessuna,2,0,2,1.3,1,1,1,1,0,0,0,0,0,0,0,0,8500.0,2,1.0,1.0,0.0,False,0,0,0,0,86.99,monte_carlo_run_321_seed_363.log
322,11,-1,1,-1,1,-1,364,3101,0.094,1.75,False,Solitudine / Nessun Contatto,,,Nessuna,1,0,1,0.0,1,1,1,1,0,0,0,0,0,0,0,0,8500.0,2,1.0,1.0,0.0,False,0,0,0,0,0.02,monte_carlo_run_322_seed_364.log
323,11,-1,1,-1,1,-1,365,3101,0.12,2.42,False,Solitudine / Nessun Contatto,,,Nessuna,1,0,1,0.0,1,1,1,1,0,0,0,0,0,0,0,0,8500.0,2,1.0,1.0,0.0,False,0,0,0,0,0.02,monte_carlo_run_323_seed_365.log
324,11,-1,1,-1,1,-1,366,3101,0.055,0.95,False,Solitudine / Nessun Contatto,,,Nessuna,1,0,1,0.0,1,1,1,1,0,0,0,0,0,0,0,0,8500.0,2,1.0,1.0,0.0,False,0,0,0,0,0.02,monte_carlo_run_324_seed_366.log
325,11,-1,1,-1,1,-1,367,3101,0.112,2.52,False,Solitudine / Nessun Contatto,,,Nessuna,1,0,1,0.0,2,2,2,1,1,0,0,0,0,0,0,0,8500.0,2,1.0,1.0,0.0,False,0,0,0,1,0.02,monte_carlo_run_325_seed_367.log
326,11,-1,1,-1,1,-1,368,3101,0.13,2.83,False,Solitudine / Nessun Contatto,,,Nessuna,1,0,1,0.0,1,1,1,1,0,0,0,0,0,0,0,0,8500.0,2,1.0,1.0,0.0,False,0,0,0,0,0.02,monte_carlo_run_326_seed_368.log
327,11,-1,1,-1,1,-1,369,3101,0.057,1.25,False,Solitudine / Nessun Contatto,,,Nessuna,1,0,1,0.0,1,1,1,1,0,0,0,0,0,0,0,0,8500.0,2,1.0,1.0,0.0,False,0,0,0,0,0.02,monte_carlo_run_327_seed_369.log
328,11,-1,1,-1,1,-1,370,3101,0.109,1.32,False,Solitudine / Nessun Contatto,,,Nessuna,1,0,1,0.0,3,3,3,1,2,0,0,0,0,0,0,0,8500.0,2,1.001,1.001,0.0,False,0,0,2,3,0.02,monte_carlo_run_328_seed_370.log
329,11,-1,1,-1,1,-1,371,3101,0.094,1.31,False,Solitudine / Nessun Contatto,,,Nessuna,1,0,1,0.0,3,3,3,1,2,0,0,0,0,0,0,0,8500.0,2,1.001,1.001,0.0,False,0,0,3,3,0.02,monte_carlo_run_329_seed_371.log
330,11,-1,1,-1,1,-1,372,3101,0.131,2.63,False,Solitudine / Nessun Contatto,,,Nessuna,2,0,2,2.4,2,2,2,0,2,0,0,0,0,0,0,0,8500.0,1,0.969,0.969,0.0,False,0,0,0,1,73.13,monte_carlo_run_330_seed_372.log
331,12,-1,1,-1,1,1,373,3101,0.081,0.97,False,Solitudine / Nessun Contatto,,,Nessuna,1,0,1,0.0,1,1,1,1,0,0,0,0,0,0,0,0,8500.0,2,1.0,1.0,0.0,False,0,0,0,0,0.02,monte_carlo_run_331_seed_373.log
332,12,-1,1,-1,1,1,374,3101,0.118,1.97,False,Solitudine / Nessun Contatto,,,Nessuna,2,0,2,1.65,1,1,1,1,0,0,0,0,0,0,0,0,8500.0,2,1.0,1.0,0.0,False,0,0,0,0,100.16,monte_carlo_run_332_seed_374.log
333,12,-1,1,-1,1,1,375,3101,0.063,1.19,False,Solitudine / Nessun Contatto,,,Nessuna,2,0,2,0.0,2,2,2,2,0,0,0,0,0,0,0,0,8500.0,6,1.0,1.0,0.0,False,0,0,1,1,0.04,monte_carlo_run_333_seed_375.log
334,12,-1,1,-1,1,1,376,3101,0.084,2.09,False,Solitudine / Nessun Contatto,,,Nessuna,2,0,2,0.0,2,2,2,2,0,0,0,0,0,0,0,0,8500.0,5,1.0,1.0,0.0,False,0,0,0,1,0.04,monte_carlo_run_334_seed_376.log
335,12,-1,1,-1,1,1,377,3101,0.124,2.32,False,Solitudine / Nessun Contatto,,,Nessuna,1,0,1,0.0,1,1,1,1,0,0,0,0,0,0,0,0,8500.0,2,1.0,1.0,0.0,False,0,0,0,0,0.02,monte_carlo_run_335_seed_377.log
336,12,-1,1,-1,1,1,378,3101,0.105,2.18,False,Solitudine / Nessun Contatto,,,Nessuna,1,0,1,0.0,1,1,1,1,0,0,0,0,0,0,0,0,8500.0,2,1.0,1.0,0.0,False,0,0,0,0,0.02,monte_carlo_run_336_seed_378.log
337,12,-1,1,-1,1,1,379,3101,0.102,1.78,False,Solitudine / Nessun Contatto,,,Nessuna,4,0,4,0.0,4,4,3,3,0,1,0,0,0,0,0,0,8500.0,8,1.0,1.0,0.0,False,0,0,0,2,25.89,monte_carlo_run_337_seed_379.log
338,12,-1,1,-1,1,1,380,3101,0.096,1.57,False,Solitudine / Nessun Contatto,,,Nessuna,1,0,1,0.0,1,1,1,1,0,0,0,0,0,0,0,0,8500.0,2,1.0,1.0,0.0,False,0,0,0,0,0.02,monte_carlo_run_338_seed_380.log
339,12,-1,1,-1,1,1,381,3101,0.056,0.93,False,Solitudine / Nessun Contatto,,,Nessuna,1,0,1,0.0,1,1,1,1,0,0,0,0,0,0,0,0,8500.0,2,1.0,1.0,0.0,False,0,0,0,0,0.02,monte_carlo_run_339_seed_381.log
340,12,-1,1,-1,1,1,382,3101,0.08,1.66,False,Solitudine / Nessun Contatto,,,Nessuna,1,0,1,0.0,1,1,1,1,0,0,0,0,0,0,0,0,8500.0,2,1.0,1.0,0.0,False,0,0,0,0,0.02,monte_carlo_run_340_seed_382.log
341,12,-1,1,-1,1,1,383,3101,0.132,2.78,False,Solitudine / Nessun Contatto,,,Nessuna,3,0,3,2.73,1,1,1,1,0,0,0,0,0,0,0,0,8500.0,2,1.001,1.001,0.0,False,0,0,0,0,189.64,monte_carlo_run_341_seed_383.log
342,12,-1,1,-1,1,1,384,3101,0.076,1.28,False,Solitudine / Nessun Contatto,,,Nessuna,1,0,1,0.0,1,1,1,1,0,0,0,0,0,0,0,0,8500.0,2,1.0,1.0,0.0,False,0,0,0,0,0.02,monte_carlo_run_342_seed_384.log
343,12,-1,1,-1,1,1,385,3101,0.107,2.54,False,Solitudine / Nessun Contatto,,,Nessuna,3,0,3,0.0,3,3,3,3,0,0,0,0,0,0,0,0,8500.0,10,1.0,1.0,0.0,False,0,0,2,3,0.06,monte_carlo_run_343_seed_385.log
344,12,-1,1,-1,1,1,386,3101,0.108,2.29,False,Solitudine / Nessun Contatto,,,Nessuna,3,0,3,0.0,2,2,2,2,0,0,0,0,0,0,0,0,8500.0,6,1.005,1.005,0.0,False,0,0,1,1,105.87,monte_carlo_run_344_seed_386.log
345,12,-1,1,-1,1,1,387,3101,0.103,2.32,False,Solitudine / Nessun Contatto,,,Nessuna,2,0,2,2.13,1,1,1,1,0,0,0,0,0,0,0,0,8500.0,2,1.0,1.0,0.0,False,0,0,0,0,118.88,monte_carlo_run_345_seed_387.log
346,12,-1,1,-1,1,1,388,3101,0.074,1.07,False,Solitudine / Nessun Contatto,,,Nessuna,2,0,2,0.0,2,2,2,2,0,0,0,0,0,0,0,0,8500.0,6,1.0,1.0,0.0,False,0,0,1,1,0.04,monte_carlo_run_346_seed_388.log
347,12,-1,1,-1,1,1,389,3101,0.098,2.33,False,Solitudine / Nessun Contatto,,,Nessuna,3,0,3,0.0,2,2,2,2,0,0,0,0,0,0,0,0,8500.0,6,1.006,1.006,0.0,False,0,0,1,1,124.1,monte_carlo_run_347_seed_389.log
348,12,-1,1,-1,1,1,390,3101,0.112,1.71,False,Solitudine / Nessun Contatto,,,Nessuna,1,0,1,0.0,1,1,1,1,0,0,0,0,0,0,0,0,8500.0,2,1.0,1.0,0.0,False,0,0,0,0,0.02,monte_carlo_run_348_seed_390.log
349,12,-1,1,-1,1,1,391,3101,0.065,1.21,False,Solitudine / Nessun Contatto,,,Nessuna,1,0,1,0.0,1,1,1,1,0,0,0,0,0,0,0,0,8500.0,2,1.0,1.0,0.0,False,0,0,0,0,0.02,monte_carlo_run_349_seed_391.log
350,12,-1,1,-1,1,1,392,3101,0.108,2.5,False,Solitudine / Nessun Contatto,,,Nessuna,2,0,2,2.43,1,1,1,1,0,0,0,0,0,0,0,0,8500.0,2,1.0,1.0,0.0,False,0,0,0,0,132.2,monte_carlo_run_350_seed_392.log
351,12,-1,1,-1,1,1,393,3101,0.082,1.02,False,Solitudine / Nessun Contatto,,,Nessuna,1,0,1,0.0,1,1,1,1,0,0,0,0,0,0,0,0,8500.0,2,1.0,1.0,0.0,False,0,0,0,0,0.02,monte_carlo_run_351_seed_393.log
352,12,-1,1,-1,1,1,394,3101,0.089,2.17,False,Solitudine / Nessun Contatto,,,Nessuna,1,0,1,0.0,1,1,1,1,0,0,0,0,0,0,0,0,8500.0,2,1.0,1.0,0.0,False,0,0,0,0,0.02,monte_carlo_run_352_seed_394.log
353,12,-1,1,-1,1,1,395,3101,0.098,2.34,False,Solitudine / Nessun Contatto,,,Nessuna,3,0,3,1.83,3,2,2,2,0,1,1,1,0,0,0,0,8500.09,6,1.005,0.831,-0.1742,False,0,0,1,1,104.74,monte_carlo_run_353_seed_395.log
354,12,-1,1,-1,1,1,396,3101,0.129,2.0,False,Solitudine / Nessun Contatto,,,Nessuna,4,0,4,0.0,2,1,1,1,0,0,0,0,0,0,0,0,8500.0,3,1.0,1.0,0.0,False,0,0,0,1,101.36,monte_carlo_run_354_seed_396.log
355,12,-1,1,-1,1,1,397,3101,0.117,2.77,False,Solitudine / Nessun Contatto,,,Nessuna,1,0,1,0.0,1,1,1,1,0,0,0,0,0,0,0,0,8500.0,2,1.0,1.0,0.0,False,0,0,0,0,0.02,monte_carlo_run_355_seed_397.log
356,12,-1,1,-1,1,1,398,3101,0.15,3.39,False,Solitudine / Nessun Contatto,,,Nessuna,12,0,12,10.58,1,1,1,1,0,0,0,0,0,0,0,0,8500.0,2,1.077,1.077,0.0,False,9,0,0,0,1016.89,monte_carlo_run_356_seed_398.log
357,12,-1,1,-1,1,1,399,3101,0.075,1.8,False,Solitudine / Nessun Contatto,,,Nessuna,1,0,1,0.0,1,1,1,1,0,0,0,0,0,0,0,0,8500.0,2,1.0,1.0,0.0,False,0,0,0,0,0.02,monte_carlo_run_357_seed_399.log
358,12,-1,1,-1,1,1,400,3101,0.116,1.65,False,Solitudine / Nessun Contatto,,,Nessuna,2,0,2,0.0,2,2,2,2,0,0,0,0,0,0,0,0,8500.0,5,1.0,1.0,0.0,False,0,0,1,1,0.04,monte_carlo_run_358_seed_400.log
359,12,-1,1,-1,1,1,401,3101,0.075,1.61,False,Solitudine / Nessun Contatto,,,Nessuna,1,0,1,0.0,1,1,1,1,0,0,0,0,0,0,0,0,8500.0,2,1.0,1.0,0.0,False,0,0,0,0,0.02,monte_carlo_run_359_seed_401.log
360,12,-1,1,-1,1,1,402,3101,0.073,0.93,False,Solitudine / Nessun Contatto,,,Nessuna,1,0,1,0.0,1,1,1,1,0,0,0,0,0,0,0,0,8500.0,2,1.0,1.0,0.0,False,0,0,0,0,0.02,monte_carlo_run_360_seed_402.log
361,13,-1,1,1,-1,-1,403,3101,0.397,5.44,True,Incontro Flotta Deep-Space,1364.36,0.0,Biosfera Primitiva,55,1,334,27.87,52,40,3,1,2,46,13,13,0,9,6,3,8568.0,91,1.287,1.6,0.3127,True,281,0,98,156,8016.7,monte_carlo_run_361_seed_403.log
362,13,-1,1,1,-1,-1,404,3101,0.452,9.97,True,Contatto Planetario / Biofirme,15.98,7.22,Collaborativa,2,0,1135,43.73,176,131,19,5,13,147,42,42,0,30,26,4,8692.79,324,1.6,1.6,0.0,False,955,0,394,692,10008.7,monte_carlo_run_362_seed_404.log
363,13,-1,1,1,-1,-1,405,3101,0.521,7.0,True,Contatto Planetario / Biofirme,194.37,13.49,Predatoria,15,0,793,17.28,136,97,11,2,8,118,14,14,0,8,7,1,8571.47,283,1.533,1.6,0.0666,True,658,0,367,635,6931.5,monte_carlo_run_363_seed_405.log
364,13,-1,1,1,-1,-1,406,3101,0.437,7.0,True,Contatto Planetario / Biofirme,526.21,13.22,Cauta,24,1,559,26.98,78,53,5,2,3,67,17,17,0,11,10,1,8567.55,148,1.6,1.6,0.0,False,479,0,111,208,8270.19,monte_carlo_run_364_seed_406.log
365,13,-1,1,1,-1,-1,407,3101,0.451,10.71,True,Contatto Planetario / Biofirme,5.39,2.43,Cauta,2,0,1198,19.0,201,147,23,5,16,171,11,11,0,8,8,0,8551.46,443,1.479,1.6,0.1206,True,991,0,743,1216,10000.72,monte_carlo_run_365_seed_407.log
366,13,-1,1,1,-1,-1,408,3101,0.273,5.31,True,Contatto Planetario / Biofirme,269.07,10.29,Ostile,11,0,741,21.49,100,69,8,2,4,89,12,12,0,9,9,0,8570.98,201,1.448,1.6,0.1516,True,636,0,184,318,10000.2,monte_carlo_run_366_seed_408.log
367,13,-1,1,1,-1,-1,409,3101,0.262,5.92,True,Incontro Flotta Deep-Space,652.61,11.5,Neutrale,19,1,567,42.74,86,64,4,1,3,79,30,30,0,18,12,4,8616.69,156,1.596,1.6,0.0041,True,479,0,213,345,9838.13,monte_carlo_run_367_seed_409.log
368,13,-1,1,1,-1,-1,410,3101,0.382,7.37,False,Solitudine / Nessun Contatto,,,Nessuna,7,0,7,12.64,6,5,1,1,0,5,5,5,0,0,0,0,8501.52,2,1.001,0.879,-0.1216,False,0,0,0,0,175.1,monte_carlo_run_368_seed_410.log
369,13,-1,1,1,-1,-1,411,3101,0.364,5.59,True,Contatto Planetario / Biofirme,228.17,13.36,Diffidente,10,1,602,31.87,76,51,7,2,5,68,23,23,0,17,6,11,8621.92,123,1.589,1.6,0.011,True,522,0,107,158,10000.12,monte_carlo_run_369_seed_411.log
370,13,-1,1,1,-1,-1,412,3101,0.474,7.82,True,Incontro Flotta Deep-Space,427.49,6.06,Neutrale,18,1,428,19.71,82,58,8,2,4,69,9,9,0,9,7,2,8562.52,164,1.29,1.6,0.3105,True,345,0,260,435,5207.45,monte_carlo_run_370_seed_412.log
371,13,-1,1,1,-1,-1,413,3101,0.407,8.34,True,Contatto Planetario / Biofirme,395.92,19.79,Collaborativa,22,0,559,19.79,89,62,7,2,4,80,11,11,0,8,5,3,8543.7,182,1.085,1.6,0.5146,True,470,0,202,373,6290.39,monte_carlo_run_371_seed_413.log
372,13,-1,1,1,-1,-1,414,3101,0.397,9.91,True,Contatto Planetario / Biofirme,65.01,11.69,Diffidente,4,0,1080,25.92,179,128,13,2,9,159,9,9,0,6,4,2,8540.59,396,1.417,1.6,0.1835,True,896,0,580,959,10000.49,monte_carlo_run_372_seed_414.log
373,13,-1,1,1,-1,-1,415,3101,0.425,6.44,True,Contatto Planetario / Biofirme,355.68,6.6,Collaborativa,20,3,259,29.84,50,38,6,2,2,39,17,17,0,10,7,1,8576.4,70,1.6,1.6,0.0,False,210,0,58,95,5731.91,monte_carlo_run_373_seed_415.log
374,13,-1,1,1,-1,-1,416,3101,0.56,9.68,True,Contatto Planetario / Biofirme,144.95,19.74,Cauta,12,1,1019,24.91,171,125,12,2,9,150,15,15,0,12,11,1,8576.46,381,1.6,1.6,0.0,False,844,0,658,970,9741.93,monte_carlo_run_374_seed_416.log
375,13,-1,1,1,-1,-1,417,3101,0.393,9.12,True,Contatto Planetario / Biofirme,271.99,13.08,Diffidente,10,0,11,17.17,9,9,3,2,1,6,6,6,0,0,0,0,8509.65,2,1.004,0.972,-0.0322,False,2,0,0,0,349.13,monte_carlo_run_375_seed_417.log
376,13,-1,1,1,-1,-1,418,3101,0.472,5.82,True,Incontro Flotta Deep-Space,897.64,15.73,Diffidente,55,1,335,31.2,50,35,5,2,2,42,14,14,0,8,8,0,8542.43,70,1.6,1.6,0.0,False,285,0,51,96,10003.55,monte_carlo_run_376_seed_418.log
377,13,-1,1,1,-1,-1,419,3101,0.431,7.53,True,Contatto Planetario / Biofirme,240.43,15.9,Cauta,15,0,958,34.04,167,116,18,2,15,138,25,25,0,16,14,2,8624.35,332,1.591,1.6,0.0095,True,789,0,437,746,10001.14,monte_carlo_run_377_seed_419.log
378,13,-1,1,1,-1,-1,420,3101,0.374,8.61,True,Incontro Flotta Deep-Space,1421.47,6.18,Biosfera Primitiva,87,2,535,25.45,80,63,9,3,4,68,17,17,0,8,7,0,8552.43,142,1.307,1.6,0.2928,True,453,0,180,281,9088.0,monte_carlo_run_378_seed_420.log
379,13,-1,1,1,-1,-1,421,3101,0.229,5.07,True,Incontro Flotta Deep-Space,1668.31,9.6,Neutrale,55,0,654,21.17,85,70,6,2,4,77,12,12,0,9,7,1,8554.52,174,1.407,1.6,0.1925,True,554,0,154,283,10002.89,monte_carlo_run_379_seed_421.log
380,13,-1,1,1,-1,-1,422,3101,0.259,5.45,True,Incontro Flotta Deep-Space,1594.78,21.34,Diffidente,49,0,196,35.79,29,21,2,1,1,27,15,15,0,9,7,2,8556.43,49,1.6,1.46,-0.1399,False,166,0,36,76,4924.03,monte_carlo_run_380_seed_422.log
381,13,-1,1,1,-1,-1,423,3101,0.319,5.34,True,Incontro Flotta Deep-Space,1865.79,8.39,Biosfera Primitiva,63,0,585,31.37,78,60,2,2,0,73,40,40,0,27,19,4,8677.92,148,1.594,1.6,0.0057,True,503,0,165,289,10001.69,monte_carlo_run_381_seed_423.log
382,13,-1,1,1,-1,-1,424,3101,0.423,5.94,True,Incontro Flotta Deep-Space,687.27,5.99,Collaborativa,31,0,169,14.18,16,12,2,1,1,13,13,13,0,8,5,0,8547.71,25,1.6,1.6,0.0,False,153,0,15,23,8825.29,monte_carlo_run_382_seed_424.log
383,13,-1,1,1,-1,-1,425,3101,0.467,6.52,True,Incontro Flotta Deep-Space,1803.61,7.71,Biosfera Primitiva,65,1,1497,31.69,217,147,14,3,10,192,18,18,0,14,11,3,8586.1,470,1.6,1.6,0.0,False,1276,0,686,1117,10001.07,monte_carlo_run_383_seed_425.log
384,13,-1,1,1,-1,-1,426,3101,0.511,12.74,True,Incontro Flotta Deep-Space,1644.81,11.28,Biosfera Primitiva,123,1,597,26.85,101,76,4,1,3,91,19,19,0,9,8,1,8565.69,195,1.6,1.6,0.0,False,497,0,191,404,8128.47,monte_carlo_run_384_seed_426.log
385,13,-1,1,1,-1,-1,427,3101,0.263,5.69,True,Incontro Flotta Deep-Space,1224.5,16.38,Neutrale,51,0,523,32.26,76,59,10,2,8,65,13,13,0,9,7,1,8549.97,151,1.6,1.6,0.0,False,445,0,140,249,10011.03,monte_carlo_run_385_seed_427.log
386,13,-1,1,1,-1,-1,428,3101,0.513,8.75,True,Contatto Planetario / Biofirme,28.05,13.13,Cauta,3,0,1296,23.15,211,155,18,4,12,187,11,11,0,9,5,4,8567.31,475,1.459,1.6,0.1406,True,1084,0,831,1269,6973.81,monte_carlo_run_386_seed_428.log
387,13,-1,1,1,-1,-1,429,3101,0.252,3.58,False,Solitudine / Nessun Contatto,,,Nessuna,9,0,9,7.44,1,1,1,1,0,0,0,0,0,0,0,0,8500.0,2,1.021,1.021,0.0,False,5,0,0,0,442.18,monte_carlo_run_387_seed_429.log
388,13,-1,1,1,-1,-1,430,3101,0.51,7.8,True,Incontro Flotta Deep-Space,518.84,9.8,Neutrale,24,0,700,34.23,102,76,4,2,2,95,22,22,0,14,10,1,8607.39,220,1.6,1.6,0.0,False,596,0,267,436,10011.94,monte_carlo_run_388_seed_430.log
389,13,-1,1,1,-1,-1,431,3101,0.352,6.0,True,Incontro Flotta Deep-Space,704.34,8.06,Biosfera Primitiva,31,0,66,14.91,11,8,2,1,1,7,5,5,0,3,0,1,8526.26,13,1.171,1.506,0.3359,True,57,0,8,11,2721.4,monte_carlo_run_389_seed_431.log
390,13,-1,1,1,-1,-1,432,3101,0.292,5.78,True,Incontro Flotta Deep-Space,1903.03,4.46,Neutrale,90,0,1030,30.3,160,129,9,3,5,149,20,20,0,12,8,3,8581.03,331,1.591,1.6,0.0085,True,866,0,491,825,10008.5,monte_carlo_run_390_seed_432.log
391,14,-1,1,1,-1,1,433,3101,0.462,7.41,True,Incontro Flotta Deep-Space,517.07,13.92,Diffidente,27,0,782,23.61,121,87,9,3,5,105,10,10,0,8,6,2,8549.73,263,1.461,1.6,0.139,True,660,0,370,582,10014.91,monte_carlo_run_391_seed_433.log
392,14,-1,1,1,-1,1,434,3101,0.408,6.26,True,Contatto Planetario / Biofirme,558.27,17.56,Predatoria,75,1,435,26.89,69,46,6,2,3,57,16,16,0,11,8,3,8575.93,147,1.6,1.6,0.0,False,365,0,185,282,4823.38,monte_carlo_run_392_seed_434.log
393,14,-1,1,1,-1,1,435,3101,0.523,11.1,True,Contatto Planetario / Biofirme,37.34,8.45,Cauta,4,1,1297,21.49,207,155,19,1,17,181,10,10,0,7,7,0,8557.01,443,1.6,1.6,0.0,False,1085,0,666,1023,10001.01,monte_carlo_run_393_seed_435.log
394,14,-1,1,1,-1,1,436,3101,0.363,8.62,True,Contatto Planetario / Biofirme,373.68,11.53,Cauta,37,0,1111,12.59,180,137,9,1,7,164,15,15,0,10,8,2,8561.1,384,1.383,1.6,0.2165,True,927,0,603,940,10004.29,monte_carlo_run_394_seed_436.log
395,14,-1,1,1,-1,1,437,3101,0.222,4.79,True,Incontro Flotta Deep-Space,935.65,15.62,Ostile,61,0,242,36.36,22,13,3,2,0,18,5,5,0,4,3,1,8539.63,49,1.6,1.6,0.0,False,213,0,30,51,5184.27,monte_carlo_run_395_seed_437.log
396,14,-1,1,1,-1,1,438,3101,0.437,5.94,True,Contatto Planetario / Biofirme,68.57,5.64,Ostile,9,1,746,20.06,133,95,9,4,1,118,10,10,0,9,5,4,8557.9,299,1.489,1.6,0.1111,True,610,0,501,764,8134.9,monte_carlo_run_396_seed_438.log
397,14,-1,1,1,-1,1,439,3101,0.476,7.71,True,Incontro Flotta Deep-Space,169.16,8.11,Diffidente,20,0,958,15.55,155,111,5,1,1,145,12,12,0,10,8,2,8559.82,373,1.487,1.6,0.1129,True,798,0,634,1009,8790.06,monte_carlo_run_397_seed_439.log
398,14,-1,1,1,-1,1,440,3101,0.492,7.36,False,Solitudine / Nessun Contatto,,,Nessuna,839,0,839,5.98,146,113,11,1,7,131,5,5,0,3,2,1,8526.04,347,1.6,1.6,0.0,False,688,0,515,873,6544.06,monte_carlo_run_398_seed_440.log
399,14,-1,1,1,-1,1,441,3101,0.212,2.72,False,Solitudine / Nessun Contatto,,,Nessuna,3,0,3,0.0,3,3,3,3,0,0,0,0,0,0,0,0,8500.0,8,1.0,1.0,0.0,False,0,0,1,2,0.06,monte_carlo_run_399_seed_441.log
400,14,-1,1,1,-1,1,442,3101,0.319,7.65,True,Incontro Flotta Deep-Space,471.25,4.69,Diffidente,18,0,60,19.9,16,12,1,1,0,15,11,11,0,6,2,4,8549.65,18,1.331,1.484,0.1528,True,44,0,16,19,2267.96,monte_carlo_run_400_seed_442.log
401,14,-1,1,1,-1,1,443,3101,0.251,3.4,False,Solitudine / Nessun Contatto,,,Nessuna,4,0,4,3.86,1,1,1,1,0,0,0,0,0,0,0,0,8500.0,2,1.004,1.004,0.0,False,2,0,0,0,194.99,monte_carlo_run_401_seed_443.log
402,14,-1,1,1,-1,1,444,3101,0.233,5.48,True,Incontro Flotta Deep-Space,418.79,8.14,Neutrale,43,0,180,16.05,37,28,4,1,3,30,5,5,0,3,2,1,8519.35,86,1.6,1.6,0.0,False,142,0,134,191,2774.53,monte_carlo_run_402_seed_444.log
403,14,-1,1,1,-1,1,445,3101,0.378,8.15,True,Incontro Flotta Deep-Space,429.64,8.1,Ostile,39,1,866,23.65,143,103,13,1,12,123,16,16,0,11,9,2,8579.44,326,1.6,1.6,0.0,False,716,0,502,777,10001.34,monte_carlo_run_403_seed_445.log
404,14,-1,1,1,-1,1,446,3101,0.431,7.45,True,Incontro Flotta Deep-Space,448.44,5.39,Diffidente,34,1,1119,20.29,197,136,12,4,8,173,24,24,0,14,6,6,8594.24,428,1.6,1.6,0.0,False,919,0,820,1177,10001.92,monte_carlo_run_404_seed_446.log
405,14,-1,1,1,-1,1,447,3101,0.455,9.53,True,Contatto Planetario / Biofirme,40.94,6.27,Ostile,3,1,1249,22.76,201,143,15,5,9,179,26,26,0,16,14,1,8611.7,410,1.548,1.6,0.0525,True,1041,0,562,972,9295.19,monte_carlo_run_405_seed_447.log
406,14,-1,1,1,-1,1,448,3101,0.302,5.01,True,Incontro Flotta Deep-Space,1641.49,10.4,Biosfera Primitiva,104,1,511,40.56,67,43,3,1,1,59,9,9,0,5,4,1,8539.68,128,1.6,1.456,-0.1439,False,433,0,116,194,10000.45,monte_carlo_run_406_seed_448.log
407,14,-1,1,1,-1,1,449,3101,0.421,6.12,True,Incontro Flotta Deep-Space,2393.74,15.56,Diffidente,129,0,968,27.76,150,115,17,2,12,128,18,18,0,11,10,1,8569.06,328,1.408,1.6,0.1918,True,815,0,475,792,10000.28,monte_carlo_run_407_seed_449.log
408,14,-1,1,1,-1,1,450,3101,0.587,12.04,True,Contatto Planetario / Biofirme,28.25,8.11,Cauta,3,0,268,22.18,58,44,6,2,4,50,7,7,0,4,2,1,8535.33,122,1.6,1.6,0.0,False,209,0,196,309,5088.55,monte_carlo_run_408_seed_450.log
409,14,-1,1,1,-1,1,451,3101,0.465,10.57,True,Incontro Flotta Deep-Space,12.77,5.94,Cauta,5,0,1283,12.68,189,141,22,5,12,161,5,5,0,4,1,3,8525.54,433,1.6,1.6,0.0,False,1092,0,644,1060,6951.52,monte_carlo_run_409_seed_451.log
410,14,-1,1,1,-1,1,452,3101,0.36,6.23,True,Contatto Planetario / Biofirme,255.44,10.25,Collaborativa,24,0,77,23.64,13,8,2,1,0,10,7,7,0,6,3,2,8544.54,26,1.537,1.456,-0.0804,False,64,0,24,37,2293.95,monte_carlo_run_410_seed_452.log
411,14,-1,1,1,-1,1,453,3101,0.255,5.36,True,Incontro Flotta Deep-Space,2719.46,21.6,Biosfera Primitiva,70,0,368,37.11,47,43,7,2,2,40,17,17,0,15,12,3,8597.91,97,1.6,1.6,0.0,False,321,0,103,188,10000.62,monte_carlo_run_411_seed_453.log
412,14,-1,1,1,-1,1,454,3101,0.392,4.91,True,Incontro Flotta Deep-Space,519.79,10.22,Diffidente,19,0,393,45.5,63,46,6,2,2,56,34,34,0,25,11,6,8664.54,116,1.6,1.6,0.0,False,323,0,189,273,10000.44,monte_carlo_run_412_seed_454.log
413,14,-1,1,1,-1,1,455,3101,0.407,8.06,True,Incontro Flotta Deep-Space,0.04,3.43,Cauta,4,0,386,7.18,69,54,11,4,7,56,1,1,0,1,1,0,8504.63,157,1.6,0.117,-1.4828,False,314,0,230,326,4808.44,monte_carlo_run_413_seed_455.log
414,14,-1,1,1,-1,1,456,3101,0.356,7.05,True,Contatto Planetario / Biofirme,35.9,10.64,Ostile,4,2,824,25.34,144,101,15,2,12,124,18,18,0,12,6,5,8594.64,315,1.6,1.6,0.0,False,679,0,428,734,10009.81,monte_carlo_run_414_seed_456.log
415,14,-1,1,1,-1,1,457,3101,0.296,6.71,True,Incontro Flotta Deep-Space,1280.37,13.66,Collaborativa,163,3,534,31.87,71,43,2,2,0,59,10,10,0,10,6,3,8584.33,146,1.581,1.6,0.0193,True,462,0,130,218,7250.1,monte_carlo_run_415_seed_457.log
416,14,-1,1,1,-1,1,458,3101,0.388,5.28,True,Incontro Flotta Deep-Space,503.98,2.73,Collaborativa,20,3,114,32.56,15,12,1,1,0,11,11,11,0,7,3,2,8554.78,23,1.6,1.6,0.0,False,99,0,14,16,6369.54,monte_carlo_run_416_seed_458.log
417,14,-1,1,1,-1,1,459,3101,0.589,10.67,True,Incontro Flotta Deep-Space,1158.42,0.0,Collaborativa,60,0,1059,14.82,166,116,16,4,8,142,15,15,0,10,7,3,8562.09,326,1.475,1.6,0.1246,True,891,0,395,648,10000.94,monte_carlo_run_417_seed_459.log
418,14,-1,1,1,-1,1,460,3101,0.433,10.05,True,Incontro Flotta Deep-Space,76.05,10.0,Cauta,15,0,1166,14.52,166,126,15,2,12,149,5,5,0,1,0,1,8507.75,393,1.6,1.6,0.0,False,996,0,470,792,8297.2,monte_carlo_run_418_seed_460.log
419,14,-1,1,1,-1,1,461,3101,0.215,4.12,True,Incontro Flotta Deep-Space,989.46,11.37,Diffidente,27,0,173,48.55,15,11,3,1,1,11,11,11,0,7,6,0,8557.16,17,1.6,1.6,0.0,False,139,0,7,12,10001.11,monte_carlo_run_419_seed_461.log
420,14,-1,1,1,-1,1,462,3101,0.376,7.36,True,Incontro Flotta Deep-Space,866.17,14.69,Neutrale,44,1,870,37.0,150,106,10,4,5,136,40,40,0,29,25,2,8711.09,335,1.49,1.6,0.1101,True,715,0,587,918,10015.32,monte_carlo_run_420_seed_462.log
421,15,-1,1,1,1,-1,463,3101,0.276,4.83,True,Contatto Planetario / Biofirme,1012.01,19.87,Ostile,35,0,296,42.54,14,10,3,1,2,10,8,8,0,4,4,0,8525.3,17,1.6,1.6,0.0,False,276,0,2,7,10000.93,monte_carlo_run_421_seed_463.log
422,15,-1,1,1,1,-1,464,3101,0.503,11.54,True,Contatto Planetario / Biofirme,472.24,16.32,Cauta,25,1,999,36.11,64,48,8,2,6,54,20,20,0,13,7,3,8578.64,110,1.567,1.6,0.0326,True,930,0,50,95,10002.1,monte_carlo_run_422_seed_464.log
423,15,-1,1,1,1,-1,465,3101,0.42,8.7,True,Incontro Flotta Deep-Space,415.23,0.0,Neutrale,17,0,29,9.08,5,3,2,1,1,3,3,3,0,2,0,2,8507.52,7,1.202,1.314,0.1118,True,24,0,4,4,1059.43,monte_carlo_run_423_seed_465.log
424,15,-1,1,1,1,-1,466,3101,0.411,9.46,True,Contatto Planetario / Biofirme,276.86,12.15,Cauta,14,0,542,18.22,29,20,3,1,1,24,2,2,0,2,2,0,8512.41,50,1.573,1.6,0.0265,True,513,0,25,50,10001.63,monte_carlo_run_424_seed_466.log
425,15,-1,1,1,1,-1,467,3101,0.267,3.46,False,Solitudine / Nessun Contatto,,,Nessuna,4,0,4,4.22,2,2,2,1,1,0,0,0,0,0,0,0,8500.0,2,1.011,1.011,0.0,False,3,0,1,1,183.38,monte_carlo_run_425_seed_467.log
426,15,-1,1,1,1,-1,468,3101,0.267,5.63,True,Incontro Flotta Deep-Space,1280.47,4.01,Collaborativa,61,1,454,32.2,29,15,1,1,0,23,7,7,0,7,6,1,8557.57,50,1.6,1.6,0.0,False,423,0,21,39,10000.86,monte_carlo_run_426_seed_468.log
427,15,-1,1,1,1,-1,469,3101,0.296,5.36,True,Contatto Planetario / Biofirme,9.0,2.66,Ostile,2,0,456,28.31,27,20,3,2,1,23,11,11,0,9,9,0,8553.65,47,1.6,1.6,0.0,False,427,0,19,37,10004.91,monte_carlo_run_427_seed_469.log
428,15,-1,1,1,1,-1,470,3101,0.344,7.19,True,Incontro Flotta Deep-Space,434.02,5.44,Collaborativa,17,1,264,30.35,21,17,1,1,0,19,19,19,0,14,7,5,8602.66,40,1.534,1.6,0.0656,True,241,0,41,51,10005.19,monte_carlo_run_428_seed_470.log
429,15,-1,1,1,1,-1,471,3101,0.468,10.88,True,Contatto Planetario / Biofirme,25.04,8.6,Diffidente,3,0,605,33.32,34,23,1,1,0,32,19,19,0,16,8,6,8613.96,73,1.59,1.6,0.0102,True,570,0,56,85,10003.14,monte_carlo_run_429_seed_471.log
430,15,-1,1,1,1,-1,472,3101,0.374,6.53,True,Incontro Flotta Deep-Space,5917.71,28.19,Collaborativa,702,0,816,38.48,60,40,3,1,2,56,21,21,0,16,11,4,8619.8,132,1.6,1.6,0.0,False,755,0,73,143,8727.32,monte_carlo_run_430_seed_472.log
431,15,-1,1,1,1,-1,473,3101,0.439,5.35,True,Incontro Flotta Deep-Space,504.31,2.85,Neutrale,19,1,252,36.49,17,11,1,1,0,13,8,8,0,6,4,2,8535.04,29,1.587,1.6,0.0132,True,233,0,16,24,10007.52,monte_carlo_run_431_seed_473.log
432,15,-1,1,1,1,-1,474,3101,0.443,9.22,True,Incontro Flotta Deep-Space,1160.85,5.43,Collaborativa,117,0,669,19.16,48,31,5,2,2,43,11,11,0,7,2,3,8549.31,100,1.6,1.6,0.0,False,618,0,53,86,8655.11,monte_carlo_run_432_seed_474.log
433,15,-1,1,1,1,-1,475,3101,0.527,9.98,True,Incontro Flotta Deep-Space,2053.36,10.55,Biosfera Primitiva,64,0,306,17.06,17,11,2,1,1,15,5,5,0,3,3,0,8520.05,36,1.6,1.6,0.0,False,289,0,10,23,10001.09,monte_carlo_run_433_seed_475.log
434,15,-1,1,1,1,-1,476,3101,0.214,5.03,True,Contatto Planetario / Biofirme,492.17,15.77,Diffidente,14,0,117,26.76,9,6,3,2,1,4,3,3,0,3,0,2,8525.98,14,1.6,1.6,0.0,False,107,0,5,10,6448.78,monte_carlo_run_434_seed_476.log
435,15,-1,1,1,1,-1,477,3101,0.362,8.96,True,Contatto Planetario / Biofirme,1714.29,16.11,Diffidente,82,0,312,32.56,18,16,4,2,1,13,10,10,0,8,4,3,8561.75,30,1.587,1.6,0.0134,True,294,0,19,26,8650.41,monte_carlo_run_435_seed_477.log
436,15,-1,1,1,1,-1,478,3101,0.462,7.89,True,Incontro Flotta Deep-Space,2223.01,18.4,Biosfera Primitiva,151,1,620,32.93,55,37,3,3,0,46,26,26,0,18,10,6,8619.74,101,1.6,1.6,0.0,False,564,0,64,108,8534.83,monte_carlo_run_436_seed_478.log
437,15,-1,1,1,1,-1,479,3101,0.264,3.72,False,Solitudine / Nessun Contatto,,,Nessuna,2,0,2,3.45,2,2,2,0,2,0,0,0,0,0,0,0,8500.0,1,0.973,0.973,0.0,False,0,0,0,1,52.27,monte_carlo_run_437_seed_479.log
438,15,-1,1,1,1,-1,480,3101,0.537,11.87,True,Contatto Planetario / Biofirme,50.05,11.94,Diffidente,4,0,168,23.55,14,9,2,2,0,12,8,8,0,4,2,2,8529.99,24,1.371,1.549,0.1781,True,153,0,5,13,3207.42,monte_carlo_run_438_seed_480.log
439,15,-1,1,1,1,-1,481,3101,0.576,9.61,True,Incontro Flotta Deep-Space,428.18,11.31,Diffidente,25,0,251,35.3,18,17,1,1,0,17,15,15,0,10,4,3,8565.59,36,1.6,1.6,0.0,False,233,0,21,35,10006.86,monte_carlo_run_439_seed_481.log
440,15,-1,1,1,1,-1,482,3101,0.328,5.29,True,Contatto Planetario / Biofirme,82.37,5.57,Diffidente,6,0,241,51.47,15,10,1,1,0,12,12,12,0,7,3,4,8548.78,23,1.6,1.585,-0.0154,False,223,0,8,15,10000.31,monte_carlo_run_440_seed_482.log
441,15,-1,1,1,1,-1,483,3101,0.452,9.47,True,Contatto Planetario / Biofirme,159.98,10.4,Cauta,9,1,456,40.23,31,21,4,2,2,24,21,21,0,14,9,4,8602.97,48,1.6,1.6,0.0,False,425,0,26,45,10005.77,monte_carlo_run_441_seed_483.log
442,15,-1,1,1,1,-1,484,3101,0.507,6.35,True,Contatto Planetario / Biofirme,505.28,16.92,Diffidente,29,1,619,34.81,38,25,6,3,3,29,20,20,0,14,11,2,8588.95,54,1.6,1.6,0.0,False,575,0,19,45,10003.26,monte_carlo_run_442_seed_484.log
443,15,-1,1,1,1,-1,485,3101,0.252,4.83,True,Incontro Flotta Deep-Space,1446.01,0.0,Biosfera Primitiva,50,0,218,18.4,13,8,1,1,0,12,3,3,0,1,0,1,8510.69,13,1.6,1.6,0.0,False,195,0,4,6,10011.76,monte_carlo_run_443_seed_485.log
444,15,-1,1,1,1,-1,486,3101,0.258,6.06,True,Incontro Flotta Deep-Space,476.93,4.8,Diffidente,14,0,66,10.89,10,8,2,1,1,8,5,5,0,2,2,0,8513.12,17,1.378,1.6,0.2219,True,55,0,18,20,2212.15,monte_carlo_run_444_seed_486.log
445,15,-1,1,1,1,-1,487,3101,0.473,5.7,True,Contatto Planetario / Biofirme,1660.65,18.55,Diffidente,65,0,327,32.78,15,10,2,2,0,13,11,11,0,9,5,4,8558.03,34,1.6,1.6,0.0,False,311,0,17,27,10008.94,monte_carlo_run_445_seed_487.log
446,15,-1,1,1,1,-1,488,3101,0.585,13.64,True,Contatto Planetario / Biofirme,15.39,9.0,Collaborativa,2,0,478,28.83,35,25,4,1,2,29,12,12,0,6,4,1,8535.8,64,1.6,1.6,0.0,False,442,0,37,70,9995.31,monte_carlo_run_446_seed_488.log
447,15,-1,1,1,1,-1,489,3101,0.467,10.2,True,Incontro Flotta Deep-Space,1080.11,5.01,Biosfera Primitiva,72,0,131,21.22,15,8,1,1,0,13,9,9,0,7,5,2,8552.25,28,1.6,1.6,0.0,False,115,0,21,26,4209.21,monte_carlo_run_447_seed_489.log
448,15,-1,1,1,1,-1,490,3101,0.318,6.08,True,Contatto Planetario / Biofirme,6897.22,21.18,Cauta,186,0,389,42.95,29,22,2,1,1,27,18,18,0,11,8,2,8573.21,57,1.6,1.6,0.0,False,356,0,23,58,10000.12,monte_carlo_run_448_seed_490.log
449,15,-1,1,1,1,-1,491,3101,0.348,4.35,False,Solitudine / Nessun Contatto,,,Nessuna,1,0,1,0.0,2,2,2,0,2,0,0,0,0,0,0,0,8500.0,1,0.985,0.985,0.0,False,0,0,0,1,0.02,monte_carlo_run_449_seed_491.log
450,15,-1,1,1,1,-1,492,3101,0.395,6.57,True,Contatto Planetario / Biofirme,269.62,10.55,Cauta,13,1,732,40.46,47,39,2,1,1,43,21,21,0,10,8,2,8569.1,61,1.6,1.6,0.0,False,682,0,33,62,10000.23,monte_carlo_run_450_seed_492.log
451,16,-1,1,1,1,1,493,3101,0.316,5.36,True,Incontro Flotta Deep-Space,2078.7,8.3,Collaborativa,90,0,171,15.79,16,11,3,1,1,13,6,6,0,4,1,1,8532.38,32,1.534,1.6,0.0659,True,155,0,20,28,5468.17,monte_carlo_run_451_seed_493.log
452,16,-1,1,1,1,1,494,3101,0.35,7.8,True,Incontro Flotta Deep-Space,959.24,12.32,Collaborativa,43,1,557,35.18,31,23,2,2,0,27,20,20,0,15,8,5,8597.86,64,1.6,1.6,0.0,False,525,0,40,59,10001.3,monte_carlo_run_452_seed_494.log
453,16,-1,1,1,1,1,495,3101,0.594,10.3,True,Incontro Flotta Deep-Space,4.76,2.83,Cauta,5,0,672,14.36,53,39,5,1,2,45,5,5,0,5,1,2,8523.37,128,1.6,1.6,0.0,False,618,0,102,153,10001.19,monte_carlo_run_453_seed_495.log
454,16,-1,1,1,1,1,496,3101,0.554,7.37,True,Incontro Flotta Deep-Space,0.02,3.1,Ostile,2,0,400,34.48,26,21,5,1,2,20,18,18,0,8,2,6,8566.05,30,1.6,1.6,0.0,False,373,0,13,22,10003.87,monte_carlo_run_454_seed_496.log
455,16,-1,1,1,1,1,497,3101,0.355,6.22,True,Incontro Flotta Deep-Space,1054.71,0.0,Diffidente,38,0,344,34.25,22,15,3,1,0,18,16,16,0,10,5,4,8563.64,38,1.6,1.6,0.0,False,320,0,22,32,10000.57,monte_carlo_run_455_seed_497.log
456,16,-1,1,1,1,1,498,3101,0.545,7.82,True,Incontro Flotta Deep-Space,2573.68,16.56,Biosfera Primitiva,222,0,374,32.54,25,17,3,1,2,20,18,18,0,11,4,3,8580.92,36,1.6,1.6,0.0,False,349,0,16,25,5784.99,monte_carlo_run_456_seed_498.log
457,16,-1,1,1,1,1,499,3101,0.235,5.74,True,Incontro Flotta Deep-Space,3132.83,10.64,Collaborativa,87,1,380,38.63,22,17,2,1,1,19,18,18,0,12,7,2,8577.66,33,1.6,1.6,0.0,False,357,0,9,21,10007.52,monte_carlo_run_457_seed_499.log
458,16,-1,1,1,1,1,500,3101,0.37,5.15,True,Incontro Flotta Deep-Space,1315.46,8.0,Biosfera Primitiva,60,0,69,18.04,4,3,1,1,0,3,2,2,0,1,1,0,8505.16,6,1.6,1.374,-0.2259,False,65,0,1,1,3961.94,monte_carlo_run_458_seed_500.log
459,16,-1,1,1,1,1,501,3101,0.417,6.56,True,Incontro Flotta Deep-Space,454.65,16.99,Cauta,40,1,682,38.62,41,33,3,1,1,36,16,16,0,10,4,4,8566.63,93,1.6,1.6,0.0,False,639,0,52,92,10003.32,monte_carlo_run_459_seed_501.log
460,16,-1,1,1,1,1,502,3101,0.476,7.03,True,Contatto Planetario / Biofirme,270.03,7.61,Predatoria,14,0,671,37.4,47,33,3,1,1,42,27,27,0,21,7,10,8667.11,92,1.6,1.6,0.0,False,622,0,64,95,10007.36,monte_carlo_run_460_seed_502.log
461,16,-1,1,1,1,1,503,3101,0.213,3.74,False,Solitudine / Nessun Contatto,,,Nessuna,13,0,13,10.08,2,2,1,1,0,1,1,1,0,0,0,0,8500.84,2,1.058,0.947,-0.1114,False,9,0,0,0,884.15,monte_carlo_run_461_seed_503.log
462,16,-1,1,1,1,1,504,3101,0.308,5.65,True,Incontro Flotta Deep-Space,2963.78,14.61,Biosfera Primitiva,83,0,380,39.43,29,22,3,2,1,25,20,20,0,11,4,5,8591.59,47,1.585,1.6,0.015,True,349,0,26,45,10003.22,monte_carlo_run_462_seed_504.log
463,16,-1,1,1,1,1,505,3101,0.506,6.15,True,Incontro Flotta Deep-Space,1562.79,19.59,Collaborativa,152,1,422,25.16,31,25,1,1,0,27,11,11,0,9,7,1,8570.71,65,1.6,1.6,0.0,False,389,0,34,62,8034.72,monte_carlo_run_463_seed_505.log
464,16,-1,1,1,1,1,506,3101,0.587,7.67,True,Incontro Flotta Deep-Space,537.16,16.15,Collaborativa,82,0,820,34.69,50,31,3,1,2,44,21,21,0,16,12,3,8590.14,97,1.592,1.6,0.0083,True,768,0,47,91,8134.3,monte_carlo_run_464_seed_506.log
465,16,-1,1,1,1,1,507,3101,0.496,10.61,True,Contatto Planetario / Biofirme,15.92,7.9,Diffidente,5,0,645,12.71,49,34,4,1,3,43,6,6,0,5,4,1,8522.16,118,1.6,1.6,0.0,False,596,0,77,130,7839.47,monte_carlo_run_465_seed_507.log
466,16,-1,1,1,1,1,508,3101,0.481,6.23,True,Incontro Flotta Deep-Space,1120.23,22.36,Diffidente,71,0,537,29.14,37,33,4,2,1,33,18,18,0,12,9,0,8589.14,67,1.59,1.6,0.01,True,500,0,42,78,10000.44,monte_carlo_run_466_seed_508.log
467,16,-1,1,1,1,1,509,3101,0.448,6.32,True,Contatto Planetario / Biofirme,12.56,5.63,Diffidente,2,0,497,26.56,29,19,4,1,1,23,19,19,0,9,5,3,8566.19,35,1.6,1.6,0.0,False,466,0,10,20,10009.18,monte_carlo_run_467_seed_509.log
468,16,-1,1,1,1,1,510,3101,0.485,7.05,True,Incontro Flotta Deep-Space,2031.82,8.38,Collaborativa,75,0,357,39.5,24,13,1,1,0,23,22,22,0,14,8,4,8615.55,42,1.6,1.6,0.0,False,332,0,22,34,10000.89,monte_carlo_run_468_seed_510.log
469,16,-1,1,1,1,1,511,3101,0.291,4.23,True,Incontro Flotta Deep-Space,1142.04,13.77,Collaborativa,57,0,66,23.42,5,5,2,2,0,3,1,1,0,1,1,0,8503.95,14,1.563,0.484,-1.0791,False,54,0,2,6,3553.78,monte_carlo_run_469_seed_511.log
470,16,-1,1,1,1,1,512,3101,0.413,6.65,True,Incontro Flotta Deep-Space,1057.89,22.09,Diffidente,97,0,741,30.89,53,34,6,1,5,44,9,9,0,7,5,2,8544.17,117,1.6,1.6,0.0,False,686,0,84,133,10002.87,monte_carlo_run_470_seed_512.log
471,16,-1,1,1,1,1,513,3101,0.295,5.27,True,Incontro Flotta Deep-Space,3248.32,12.2,Diffidente,104,1,233,25.6,10,7,1,1,0,8,4,4,0,2,1,1,8510.88,22,1.6,1.6,0.0,False,222,0,4,9,9795.32,monte_carlo_run_471_seed_513.log
472,16,-1,1,1,1,1,514,3101,0.219,5.25,True,Incontro Flotta Deep-Space,902.28,14.25,Collaborativa,33,0,305,48.01,25,15,2,1,1,21,12,12,0,7,3,3,8549.38,39,1.6,1.6,0.0,False,278,0,23,34,10001.23,monte_carlo_run_472_seed_514.log
473,16,-1,1,1,1,1,515,3101,0.447,9.3,True,Contatto Planetario / Biofirme,6.7,3.0,Cauta,2,1,614,30.89,43,31,6,1,3,34,17,17,0,13,7,5,8596.3,85,1.587,1.6,0.013,True,571,0,40,78,10000.01,monte_carlo_run_473_seed_515.log
474,16,-1,1,1,1,1,516,3101,0.413,9.79,True,Contatto Planetario / Biofirme,45.28,9.17,Ostile,3,0,503,18.02,52,39,6,2,3,43,10,10,0,6,3,3,8548.21,97,1.6,1.6,0.0,False,450,0,75,112,10001.79,monte_carlo_run_474_seed_516.log
475,16,-1,1,1,1,1,517,3101,0.499,8.52,True,Incontro Flotta Deep-Space,1242.26,18.05,Neutrale,56,0,583,35.8,31,28,2,1,1,29,16,16,0,14,12,1,8577.72,74,1.6,1.6,0.0,False,552,0,28,68,10005.05,monte_carlo_run_475_seed_517.log
476,16,-1,1,1,1,1,518,3101,0.238,5.89,True,Incontro Flotta Deep-Space,574.41,7.11,Diffidente,19,0,610,32.68,40,30,4,2,2,36,13,13,0,11,7,1,8582.86,90,1.6,1.6,0.0,False,566,0,39,76,10002.34,monte_carlo_run_476_seed_518.log
477,16,-1,1,1,1,1,519,3101,0.478,7.55,True,Incontro Flotta Deep-Space,495.9,6.66,Neutrale,30,0,311,27.75,16,12,1,1,0,15,13,13,0,9,5,2,8565.38,31,1.6,1.6,0.0,False,294,0,11,25,10004.71,monte_carlo_run_477_seed_519.log
478,16,-1,1,1,1,1,520,3101,0.475,11.79,True,Incontro Flotta Deep-Space,308.62,17.97,Cauta,28,1,169,22.29,17,9,3,1,1,12,8,8,0,5,5,0,8537.6,27,1.096,1.6,0.5039,True,152,0,22,29,3052.11,monte_carlo_run_478_seed_520.log
479,16,-1,1,1,1,1,521,3101,0.488,7.53,True,Incontro Flotta Deep-Space,416.99,6.73,Collaborativa,42,0,386,25.31,30,20,2,2,0,27,13,13,0,8,5,2,8563.04,57,1.6,1.6,0.0,False,353,0,40,62,8179.56,monte_carlo_run_479_seed_521.log
480,16,-1,1,1,1,1,522,3101,0.316,5.71,True,Incontro Flotta Deep-Space,731.0,14.27,Neutrale,35,0,626,26.76,52,41,6,1,5,45,9,9,0,7,4,3,8548.31,99,1.6,1.6,0.0,False,572,0,62,101,10004.35,monte_carlo_run_480_seed_522.log
481,17,1,-1,-1,-1,-1,523,3101,0.115,1.89,False,Solitudine / Nessun Contatto,,,Nessuna,1,0,1,0.0,2,2,2,1,1,0,0,0,0,0,0,0,8500.0,2,1.0,1.0,0.0,False,0,0,0,1,0.02,monte_carlo_run_481_seed_523.log
482,17,1,-1,-1,-1,-1,524,3101,0.08,1.9,False,Solitudine / Nessun Contatto,,,Nessuna,3,0,3,3.42,3,3,3,1,2,0,0,0,0,0,0,0,8500.0,2,1.015,1.015,0.0,False,1,0,3,3,171.65,monte_carlo_run_482_seed_524.log
483,17,1,-1,-1,-1,-1,525,3101,0.145,2.39,False,Solitudine / Nessun Contatto,,,Nessuna,4,0,4,3.13,1,1,1,1,0,0,0,0,0,0,0,0,8500.0,2,1.006,1.006,0.0,False,2,0,0,0,265.15,monte_carlo_run_483_seed_525.log
484,17,1,-1,-1,-1,-1,526,3101,0.081,1.54,False,Solitudine / Nessun Contatto,,,Nessuna,1,0,1,0.0,1,1,1,1,0,0,0,0,0,0,0,0,8500.0,2,1.0,1.0,0.0,False,0,0,0,0,0.02,monte_carlo_run_484_seed_526.log
485,17,1,-1,-1,-1,-1,527,3101,0.071,1.76,False,Solitudine / Nessun Contatto,,,Nessuna,1,0,1,0.0,1,1,1,1,0,0,0,0,0,0,0,0,8500.0,2,1.0,1.0,0.0,False,0,0,0,0,0.02,monte_carlo_run_485_seed_527.log
486,17,1,-1,-1,-1,-1,528,3101,0.137,1.94,False,Solitudine / Nessun Contatto,,,Nessuna,1,0,1,0.0,3,3,3,0,3,0,0,0,0,0,0,0,8500.0,1,0.985,0.985,0.0,False,0,0,1,2,0.02,monte_carlo_run_486_seed_528.log
487,17,1,-1,-1,-1,-1,529,3101,0.113,1.86,False,Solitudine / Nessun Contatto,,,Nessuna,1,0,1,0.0,1,1,1,1,0,0,0,0,0,0,0,0,8500.0,2,1.0,1.0,0.0,False,0,0,0,0,0.02,monte_carlo_run_487_seed_529.log
488,17,1,-1,-1,-1,-1,530,3101,0.078,1.23,False,Solitudine / Nessun Contatto,,,Nessuna,4,0,4,1.7,2,2,1,1,0,1,1,1,0,0,0,0,8500.18,2,1.003,0.848,-0.1554,False,2,0,0,0,148.2,monte_carlo_run_488_seed_530.log
489,17,1,-1,-1,-1,-1,531,3101,0.092,1.95,False,Solitudine / Nessun Contatto,,,Nessuna,1,0,1,0.0,1,1,1,1,0,0,0,0,0,0,0,0,8500.0,2,1.0,1.0,0.0,False,0,0,0,0,0.02,monte_carlo_run_489_seed_531.log
490,17,1,-1,-1,-1,-1,532,3101,0.081,1.42,False,Solitudine / Nessun Contatto,,,Nessuna,1,0,1,0.0,1,1,1,1,0,0,0,0,0,0,0,0,8500.0,2,1.0,1.0,0.0,False,0,0,0,0,0.02,monte_carlo_run_490_seed_532.log
491,17,1,-1,-1,-1,-1,533,3101,0.104,1.86,False,Solitudine / Nessun Contatto,,,Nessuna,1,0,1,0.0,1,1,1,1,0,0,0,0,0,0,0,0,8500.0,2,1.0,1.0,0.0,False,0,0,0,0,0.02,monte_carlo_run_491_seed_533.log
492,17,1,-1,-1,-1,-1,534,3101,0.057,1.3,False,Solitudine / Nessun Contatto,,,Nessuna,2,0,2,0.99,2,2,2,1,1,0,0,0,0,0,0,0,8500.0,2,1.004,1.004,0.0,False,0,0,1,1,78.22,monte_carlo_run_492_seed_534.log
493,17,1,-1,-1,-1,-1,535,3101,0.069,0.89,False,Solitudine / Nessun Contatto,,,Nessuna,1,0,1,0.0,1,1,1,1,0,0,0,0,0,0,0,0,8500.0,2,1.0,1.0,0.0,False,0,0,0,0,0.02,monte_carlo_run_493_seed_535.log
494,17,1,-1,-1,-1,-1,536,3101,0.139,2.01,False,Solitudine / Nessun Contatto,,,Nessuna,1,0,1,0.0,1,1,1,1,0,0,0,0,0,0,0,0,8500.0,2,1.0,1.0,0.0,False,0,0,0,0,0.02,monte_carlo_run_494_seed_536.log
495,17,1,-1,-1,-1,-1,537,3101,0.132,2.07,False,Solitudine / Nessun Contatto,,,Nessuna,1,0,1,0.0,2,2,2,0,2,0,0,0,0,0,0,0,8500.0,1,0.985,0.985,0.0,False,0,0,0,1,0.02,monte_carlo_run_495_seed_537.log
496,17,1,-1,-1,-1,-1,538,3101,0.058,1.28,False,Solitudine / Nessun Contatto,,,Nessuna,1,0,1,0.0,2,2,2,1,1,0,0,0,0,0,0,0,8500.0,2,1.0,1.0,0.0,False,0,0,0,1,0.02,monte_carlo_run_496_seed_538.log
497,17,1,-1,-1,-1,-1,539,3101,0.117,2.57,False,Solitudine / Nessun Contatto,,,Nessuna,2,0,2,1.86,1,1,1,1,0,0,0,0,0,0,0,0,8500.0,2,1.0,1.0,0.0,False,0,0,0,0,112.92,monte_carlo_run_497_seed_539.log
498,17,1,-1,-1,-1,-1,540,3101,0.123,2.41,False,Solitudine / Nessun Contatto,,,Nessuna,2,0,2,2.07,1,1,1,1,0,0,0,0,0,0,0,0,8500.0,2,1.0,1.0,0.0,False,0,0,0,0,105.44,monte_carlo_run_498_seed_540.log
499,17,1,-1,-1,-1,-1,541,3101,0.135,2.96,False,Solitudine / Nessun Contatto,,,Nessuna,1,0,1,0.0,3,3,3,0,3,0,0,0,0,0,0,0,8500.0,1,0.985,0.985,0.0,False,0,0,0,2,0.02,monte_carlo_run_499_seed_541.log
500,17,1,-1,-1,-1,-1,542,3101,0.073,1.39,False,Solitudine / Nessun Contatto,,,Nessuna,1,0,1,0.0,3,3,3,0,3,0,0,0,0,0,0,0,8500.0,1,0.985,0.985,0.0,False,0,0,1,2,0.02,monte_carlo_run_500_seed_542.log
501,17,1,-1,-1,-1,-1,543,3101,0.147,2.06,False,Solitudine / Nessun Contatto,,,Nessuna,2,0,2,1.77,2,2,2,0,2,0,0,0,0,0,0,0,8500.0,1,0.974,0.974,0.0,False,0,0,0,1,48.03,monte_carlo_run_501_seed_543.log
502,17,1,-1,-1,-1,-1,544,3101,0.08,1.74,False,Solitudine / Nessun Contatto,,,Nessuna,1,0,1,0.0,3,3,3,1,2,0,0,0,0,0,0,0,8500.0,2,1.001,1.001,0.0,False,0,0,2,2,0.02,monte_carlo_run_502_seed_544.log
503,17,1,-1,-1,-1,-1,545,3101,0.137,2.98,False,Solitudine / Nessun Contatto,,,Nessuna,3,0,3,2.89,2,2,2,1,1,0,0,0,0,0,0,0,8500.0,2,1.008,1.008,0.0,False,0,0,1,1,168.64,monte_carlo_run_503_seed_545.log
504,17,1,-1,-1,-1,-1,546,3101,0.096,1.33,False,Solitudine / Nessun Contatto,,,Nessuna,1,0,1,0.0,3,3,3,1,2,0,0,0,0,0,0,0,8500.0,2,1.0,1.0,0.0,False,0,0,1,2,0.02,monte_carlo_run_504_seed_546.log
505,17,1,-1,-1,-1,-1,547,3101,0.067,1.29,False,Solitudine / Nessun Contatto,,,Nessuna,1,0,1,0.0,1,1,1,1,0,0,0,0,0,0,0,0,8500.0,2,1.0,1.0,0.0,False,0,0,0,0,0.02,monte_carlo_run_505_seed_547.log
506,17,1,-1,-1,-1,-1,548,3101,0.056,0.8,False,Solitudine / Nessun Contatto,,,Nessuna,1,0,1,0.0,1,1,1,1,0,0,0,0,0,0,0,0,8500.0,2,1.0,1.0,0.0,False,0,0,0,0,0.02,monte_carlo_run_506_seed_548.log
507,17,1,-1,-1,-1,-1,549,3101,0.068,1.15,False,Solitudine / Nessun Contatto,,,Nessuna,1,0,1,0.0,1,1,1,1,0,0,0,0,0,0,0,0,8500.0,2,1.0,1.0,0.0,False,0,0,0,0,0.02,monte_carlo_run_507_seed_549.log
508,17,1,-1,-1,-1,-1,550,3101,0.116,1.44,False,Solitudine / Nessun Contatto,,,Nessuna,1,0,1,0.0,2,2,2,1,1,0,0,0,0,0,0,0,8500.0,2,1.0,1.0,0.0,False,0,0,0,1,0.02,monte_carlo_run_508_seed_550.log
509,17,1,-1,-1,-1,-1,551,3101,0.071,1.21,False,Solitudine / Nessun Contatto,,,Nessuna,1,0,1,0.0,2,2,2,1,1,0,0,0,0,0,0,0,8500.0,2,1.0,1.0,0.0,False,0,0,0,1,0.02,monte_carlo_run_509_seed_551.log
510,17,1,-1,-1,-1,-1,552,3101,0.078,0.95,False,Solitudine / Nessun Contatto,,,Nessuna,1,0,1,0.0,1,1,1,1,0,0,0,0,0,0,0,0,8500.0,2,1.0,1.0,0.0,False,0,0,0,0,0.02,monte_carlo_run_510_seed_552.log
511,18,1,-1,-1,-1,1,553,3101,0.054,1.22,False,Solitudine / Nessun Contatto,,,Nessuna,3,0,3,0.99,2,2,2,2,0,0,0,0,0,0,0,0,8500.0,5,1.004,1.004,0.0,False,0,0,1,1,81.57,monte_carlo_run_511_seed_553.log
512,18,1,-1,-1,-1,1,554,3101,0.138,3.07,False,Solitudine / Nessun Contatto,,,Nessuna,10,0,10,8.31,2,2,2,2,0,0,0,0,0,0,0,0,8500.0,5,1.068,1.068,0.0,False,6,0,1,1,734.62,monte_carlo_run_512_seed_554.log
513,18,1,-1,-1,-1,1,555,3101,0.065,0.85,False,Solitudine / Nessun Contatto,,,Nessuna,2,0,2,0.0,2,2,2,2,0,0,0,0,0,0,0,0,8500.0,6,1.0,1.0,0.0,False,0,0,1,1,0.04,monte_carlo_run_513_seed_555.log
514,18,1,-1,-1,-1,1,556,3101,0.15,1.91,False,Solitudine / Nessun Contatto,,,Nessuna,2,0,2,1.0,1,1,1,1,0,0,0,0,0,0,0,0,8500.0,2,1.0,1.0,0.0,False,0,0,0,0,26.68,monte_carlo_run_514_seed_556.log
515,18,1,-1,-1,-1,1,557,3101,0.106,1.38,False,Solitudine / Nessun Contatto,,,Nessuna,1,0,1,0.0,1,1,1,1,0,0,0,0,0,0,0,0,8500.0,2,1.0,1.0,0.0,False,0,0,0,0,0.02,monte_carlo_run_515_seed_557.log
516,18,1,-1,-1,-1,1,558,3101,0.147,2.73,False,Solitudine / Nessun Contatto,,,Nessuna,1,0,1,0.0,1,1,1,1,0,0,0,0,0,0,0,0,8500.0,2,1.0,1.0,0.0,False,0,0,0,0,0.02,monte_carlo_run_516_seed_558.log
517,18,1,-1,-1,-1,1,559,3101,0.093,1.46,False,Solitudine / Nessun Contatto,,,Nessuna,4,0,4,1.08,3,3,2,2,0,1,1,1,0,0,0,0,8500.1,5,1.008,0.795,-0.2132,False,1,0,1,1,140.94,monte_carlo_run_517_seed_559.log
518,18,1,-1,-1,-1,1,560,3101,0.146,2.26,False,Solitudine / Nessun Contatto,,,Nessuna,4,0,4,0.0,3,3,3,3,0,0,0,0,0,0,0,0,8500.0,10,1.0,1.0,0.0,False,0,0,0,3,48.19,monte_carlo_run_518_seed_560.log
519,18,1,-1,-1,-1,1,561,3101,0.095,1.67,False,Solitudine / Nessun Contatto,,,Nessuna,3,0,3,1.58,2,1,1,1,0,1,1,1,0,0,0,0,8500.28,2,1.0,0.822,-0.1785,False,0,0,0,0,136.56,monte_carlo_run_519_seed_561.log
520,18,1,-1,-1,-1,1,562,3101,0.086,1.96,False,Solitudine / Nessun Contatto,,,Nessuna,1,0,1,0.0,1,1,1,1,0,0,0,0,0,0,0,0,8500.0,2,1.0,1.0,0.0,False,0,0,0,0,0.02,monte_carlo_run_520_seed_562.log
521,18,1,-1,-1,-1,1,563,3101,0.08,1.51,False,Solitudine / Nessun Contatto,,,Nessuna,3,0,3,0.0,3,3,3,3,0,0,0,0,0,0,0,0,8500.0,8,1.0,1.0,0.0,False,0,0,0,3,0.06,monte_carlo_run_521_seed_563.log
522,18,1,-1,-1,-1,1,564,3101,0.056,0.74,False,Solitudine / Nessun Contatto,,,Nessuna,1,0,1,0.0,1,1,1,1,0,0,0,0,0,0,0,0,8500.0,2,1.0,1.0,0.0,False,0,0,0,0,0.02,monte_carlo_run_522_seed_564.log
523,18,1,-1,-1,-1,1,565,3101,0.097,1.74,False,Solitudine / Nessun Contatto,,,Nessuna,1,0,1,0.0,1,1,1,1,0,0,0,0,0,0,0,0,8500.0,2,1.0,1.0,0.0,False,0,0,0,0,0.02,monte_carlo_run_523_seed_565.log
524,18,1,-1,-1,-1,1,566,3101,0.146,2.13,False,Solitudine / Nessun Contatto,,,Nessuna,4,0,4,1.87,2,2,2,2,0,0,0,0,0,0,0,0,8500.0,6,1.001,1.001,0.0,False,0,0,1,1,107.21,monte_carlo_run_524_seed_566.log
525,18,1,-1,-1,-1,1,567,3101,0.087,1.57,False,Solitudine / Nessun Contatto,,,Nessuna,3,0,3,0.0,2,2,2,2,0,0,0,0,0,0,0,0,8500.0,6,1.002,1.002,0.0,False,0,0,1,1,30.05,monte_carlo_run_525_seed_567.log
526,18,1,-1,-1,-1,1,568,3101,0.078,1.83,False,Solitudine / Nessun Contatto,,,Nessuna,1,0,1,0.0,1,1,1,1,0,0,0,0,0,0,0,0,8500.0,2,1.0,1.0,0.0,False,0,0,0,0,0.02,monte_carlo_run_526_seed_568.log
527,18,1,-1,-1,-1,1,569,3101,0.091,1.28,False,Solitudine / Nessun Contatto,,,Nessuna,1,0,1,0.0,1,1,1,1,0,0,0,0,0,0,0,0,8500.0,2,1.0,1.0,0.0,False,0,0,0,0,0.02,monte_carlo_run_527_seed_569.log
528,18,1,-1,-1,-1,1,570,3101,0.105,1.59,False,Solitudine / Nessun Contatto,,,Nessuna,1,0,1,0.0,1,1,1,1,0,0,0,0,0,0,0,0,8500.0,2,1.0,1.0,0.0,False,0,0,0,0,0.02,monte_carlo_run_528_seed_570.log
529,18,1,-1,-1,-1,1,571,3101,0.135,2.97,False,Solitudine / Nessun Contatto,,,Nessuna,1,0,1,0.0,1,1,1,1,0,0,0,0,0,0,0,0,8500.0,2,1.0,1.0,0.0,False,0,0,0,0,0.02,monte_carlo_run_529_seed_571.log
530,18,1,-1,-1,-1,1,572,3101,0.137,2.5,False,Solitudine / Nessun Contatto,,,Nessuna,6,0,6,2.41,4,4,3,3,0,1,1,1,0,0,0,0,8502.18,8,1.015,0.971,-0.0442,False,1,0,2,2,251.67,monte_carlo_run_530_seed_572.log
531,18,1,-1,-1,-1,1,573,3101,0.083,1.83,False,Solitudine / Nessun Contatto,,,Nessuna,2,0,2,1.19,1,1,1,1,0,0,0,0,0,0,0,0,8500.0,2,1.0,1.0,0.0,False,0,0,0,0,89.11,monte_carlo_run_531_seed_573.log
532,18,1,-1,-1,-1,1,574,3101,0.134,2.03,False,Solitudine / Nessun Contatto,,,Nessuna,1,0,1,0.0,1,1,1,1,0,0,0,0,0,0,0,0,8500.0,2,1.0,1.0,0.0,False,0,0,0,0,0.02,monte_carlo_run_532_seed_574.log
533,18,1,-1,-1,-1,1,575,3101,0.124,2.22,False,Solitudine / Nessun Contatto,,,Nessuna,3,0,3,0.0,2,2,2,2,0,0,0,0,0,0,0,0,8500.0,6,1.0,1.0,0.0,False,0,0,0,1,48.58,monte_carlo_run_533_seed_575.log
534,18,1,-1,-1,-1,1,576,3101,0.071,0.92,False,Solitudine / Nessun Contatto,,,Nessuna,1,0,1,0.0,1,1,1,1,0,0,0,0,0,0,0,0,8500.0,2,1.0,1.0,0.0,False,0,0,0,0,0.02,monte_carlo_run_534_seed_576.log
535,18,1,-1,-1,-1,1,577,3101,0.057,0.85,False,Solitudine / Nessun Contatto,,,Nessuna,2,0,2,0.0,2,2,2,2,0,0,0,0,0,0,0,0,8500.0,6,1.0,1.0,0.0,False,0,0,1,1,0.04,monte_carlo_run_535_seed_577.log
536,18,1,-1,-1,-1,1,578,3101,0.105,1.73,False,Solitudine / Nessun Contatto,,,Nessuna,1,0,1,0.0,1,1,1,1,0,0,0,0,0,0,0,0,8500.0,2,1.0,1.0,0.0,False,0,0,0,0,0.02,monte_carlo_run_536_seed_578.log
537,18,1,-1,-1,-1,1,579,3101,0.138,2.66,False,Solitudine / Nessun Contatto,,,Nessuna,3,0,3,4.2,1,1,1,1,0,0,0,0,0,0,0,0,8500.0,2,1.002,1.002,0.0,False,1,0,0,0,173.88,monte_carlo_run_537_seed_579.log
538,18,1,-1,-1,-1,1,580,3101,0.103,2.0,False,Solitudine / Nessun Contatto,,,Nessuna,2,0,2,0.0,2,2,2,2,0,0,0,0,0,0,0,0,8500.0,6,1.0,1.0,0.0,False,0,0,1,1,0.04,monte_carlo_run_538_seed_580.log
539,18,1,-1,-1,-1,1,581,3101,0.085,1.51,False,Solitudine / Nessun Contatto,,,Nessuna,4,0,4,0.0,2,2,2,2,0,0,0,0,0,0,0,0,8500.0,6,1.004,1.004,0.0,False,0,0,1,1,123.66,monte_carlo_run_539_seed_581.log
540,18,1,-1,-1,-1,1,582,3101,0.089,1.65,False,Solitudine / Nessun Contatto,,,Nessuna,2,0,2,0.0,2,2,2,2,0,0,0,0,0,0,0,0,8500.0,5,1.0,1.0,0.0,False,0,0,1,1,0.04,monte_carlo_run_540_seed_582.log
541,19,1,-1,-1,1,-1,583,3101,0.063,1.15,False,Solitudine / Nessun Contatto,,,Nessuna,1,0,1,0.0,1,1,1,1,0,0,0,0,0,0,0,0,8500.0,2,1.0,1.0,0.0,False,0,0,0,0,0.02,monte_carlo_run_541_seed_583.log
542,19,1,-1,-1,1,-1,584,3101,0.132,2.42,False,Solitudine / Nessun Contatto,,,Nessuna,1,0,1,0.0,3,3,3,0,3,0,0,0,0,0,0,0,8500.0,1,0.97,0.97,0.0,False,0,0,0,3,0.02,monte_carlo_run_542_seed_584.log
543,19,1,-1,-1,1,-1,585,3101,0.066,1.59,False,Solitudine / Nessun Contatto,,,Nessuna,1,0,1,0.0,1,1,1,1,0,0,0,0,0,0,0,0,8500.0,2,1.0,1.0,0.0,False,0,0,0,0,0.02,monte_carlo_run_543_seed_585.log
544,19,1,-1,-1,1,-1,586,3101,0.058,1.24,False,Solitudine / Nessun Contatto,,,Nessuna,1,0,1,0.0,1,1,1,1,0,0,0,0,0,0,0,0,8500.0,2,1.0,1.0,0.0,False,0,0,0,0,0.02,monte_carlo_run_544_seed_586.log
545,19,1,-1,-1,1,-1,587,3101,0.106,2.17,False,Solitudine / Nessun Contatto,,,Nessuna,1,0,1,0.0,1,1,1,1,0,0,0,0,0,0,0,0,8500.0,2,1.0,1.0,0.0,False,0,0,0,0,0.02,monte_carlo_run_545_seed_587.log
546,19,1,-1,-1,1,-1,588,3101,0.133,2.15,False,Solitudine / Nessun Contatto,,,Nessuna,2,0,2,1.37,2,2,2,0,2,0,0,0,0,0,0,0,8500.0,1,0.976,0.976,0.0,False,0,0,0,1,41.29,monte_carlo_run_546_seed_588.log
547,19,1,-1,-1,1,-1,589,3101,0.119,2.57,False,Solitudine / Nessun Contatto,,,Nessuna,1,0,1,0.0,2,2,2,1,1,0,0,0,0,0,0,0,8500.0,2,1.0,1.0,0.0,False,0,0,0,1,0.02,monte_carlo_run_547_seed_589.log
548,19,1,-1,-1,1,-1,590,3101,0.146,2.98,True,Incontro Flotta Deep-Space,448.2,3.31,Neutrale,7,0,7,5.67,2,2,1,1,0,1,1,1,0,1,0,0,8503.42,4,1.032,1.244,0.2115,True,4,0,1,1,602.83,monte_carlo_run_548_seed_590.log
549,19,1,-1,-1,1,-1,591,3101,0.082,1.15,False,Solitudine / Nessun Contatto,,,Nessuna,1,0,1,0.0,2,2,2,1,1,0,0,0,0,0,0,0,8500.0,2,1.0,1.0,0.0,False,0,0,1,1,0.02,monte_carlo_run_549_seed_591.log
550,19,1,-1,-1,1,-1,592,3101,0.094,1.53,False,Solitudine / Nessun Contatto,,,Nessuna,2,0,2,1.33,1,1,1,1,0,0,0,0,0,0,0,0,8500.0,2,1.0,1.0,0.0,False,0,0,0,0,91.99,monte_carlo_run_550_seed_592.log
551,19,1,-1,-1,1,-1,593,3101,0.131,3.06,False,Solitudine / Nessun Contatto,,,Nessuna,5,0,5,3.57,1,1,1,1,0,0,0,0,0,0,0,0,8500.0,2,1.011,1.011,0.0,False,3,0,0,0,397.59,monte_carlo_run_551_seed_593.log
552,19,1,-1,-1,1,-1,594,3101,0.135,2.42,False,Solitudine / Nessun Contatto,,,Nessuna,1,0,1,0.0,1,1,1,1,0,0,0,0,0,0,0,0,8500.0,2,1.0,1.0,0.0,False,0,0,0,0,0.02,monte_carlo_run_552_seed_594.log
553,19,1,-1,-1,1,-1,595,3101,0.123,2.48,False,Solitudine / Nessun Contatto,,,Nessuna,1,0,1,0.0,2,2,2,1,1,0,0,0,0,0,0,0,8500.0,2,1.0,1.0,0.0,False,0,0,1,1,0.02,monte_carlo_run_553_seed_595.log
554,19,1,-1,-1,1,-1,596,3101,0.131,3.16,False,Solitudine / Nessun Contatto,,,Nessuna,1,0,1,0.0,2,2,2,0,2,0,0,0,0,0,0,0,8500.0,1,0.985,0.985,0.0,False,0,0,0,1,0.02,monte_carlo_run_554_seed_596.log
555,19,1,-1,-1,1,-1,597,3101,0.096,1.59,False,Solitudine / Nessun Contatto,,,Nessuna,2,0,2,0.72,1,1,1,1,0,0,0,0,0,0,0,0,8500.0,2,1.0,1.0,0.0,False,0,0,0,0,30.17,monte_carlo_run_555_seed_597.log
556,19,1,-1,-1,1,-1,598,3101,0.132,3.21,False,Solitudine / Nessun Contatto,,,Nessuna,2,0,2,1.96,1,1,1,1,0,0,0,0,0,0,0,0,8500.0,2,1.0,1.0,0.0,False,0,0,0,0,111.6,monte_carlo_run_556_seed_598.log
557,19,1,-1,-1,1,-1,599,3101,0.107,2.43,False,Solitudine / Nessun Contatto,,,Nessuna,4,0,4,2.59,1,1,1,1,0,0,0,0,0,0,0,0,8500.0,2,1.003,1.003,0.0,False,1,0,0,0,251.17,monte_carlo_run_557_seed_599.log
558,19,1,-1,-1,1,-1,600,3101,0.144,2.39,False,Solitudine / Nessun Contatto,,,Nessuna,3,0,3,3.53,2,2,2,1,1,0,0,0,0,0,0,0,8500.0,2,1.009,1.009,0.0,False,1,0,1,1,156.18,monte_carlo_run_558_seed_600.log
559,19,1,-1,-1,1,-1,601,3101,0.075,1.58,False,Solitudine / Nessun Contatto,,,Nessuna,1,0,1,0.0,1,1,1,1,0,0,0,0,0,0,0,0,8500.0,2,1.0,1.0,0.0,False,0,0,0,0,0.02,monte_carlo_run_559_seed_601.log
560,19,1,-1,-1,1,-1,602,3101,0.125,3.05,False,Solitudine / Nessun Contatto,,,Nessuna,2,0,2,2.61,1,1,1,1,0,0,0,0,0,0,0,0,8500.0,2,1.0,1.0,0.0,False,0,0,0,0,132.34,monte_carlo_run_560_seed_602.log
561,19,1,-1,-1,1,-1,603,3101,0.053,1.3,False,Solitudine / Nessun Contatto,,,Nessuna,1,0,1,0.0,1,1,1,1,0,0,0,0,0,0,0,0,8500.0,2,1.0,1.0,0.0,False,0,0,0,0,0.02,monte_carlo_run_561_seed_603.log
562,19,1,-1,-1,1,-1,604,3101,0.143,2.84,False,Solitudine / Nessun Contatto,,,Nessuna,2,0,2,2.37,2,2,2,0,2,0,0,0,0,0,0,0,8500.0,1,0.955,0.955,0.0,False,0,0,0,1,66.43,monte_carlo_run_562_seed_604.log
563,19,1,-1,-1,1,-1,605,3101,0.12,2.35,False,Solitudine / Nessun Contatto,,,Nessuna,1,0,1,0.0,3,3,3,0,3,0,0,0,0,0,0,0,8500.0,1,0.97,0.97,0.0,False,0,0,0,3,0.02,monte_carlo_run_563_seed_605.log
564,19,1,-1,-1,1,-1,606,3101,0.146,2.29,False,Solitudine / Nessun Contatto,,,Nessuna,1,0,1,0.0,1,1,1,1,0,0,0,0,0,0,0,0,8500.0,2,1.0,1.0,0.0,False,0,0,0,0,0.02,monte_carlo_run_564_seed_606.log
565,19,1,-1,-1,1,-1,607,3101,0.108,1.55,False,Solitudine / Nessun Contatto,,,Nessuna,1,0,1,0.0,2,2,2,1,1,0,0,0,0,0,0,0,8500.0,2,1.0,1.0,0.0,False,0,0,0,1,0.02,monte_carlo_run_565_seed_607.log
566,19,1,-1,-1,1,-1,608,3101,0.091,2.17,False,Solitudine / Nessun Contatto,,,Nessuna,2,0,2,1.1,2,2,2,1,1,0,0,0,0,0,0,0,8500.0,2,1.003,1.003,0.0,False,0,0,1,1,48.19,monte_carlo_run_566_seed_608.log
567,19,1,-1,-1,1,-1,609,3101,0.054,0.66,False,Solitudine / Nessun Contatto,,,Nessuna,1,0,1,0.0,1,1,1,1,0,0,0,0,0,0,0,0,8500.0,2,1.0,1.0,0.0,False,0,0,0,0,0.02,monte_carlo_run_567_seed_609.log
568,19,1,-1,-1,1,-1,610,3101,0.063,1.08,False,Solitudine / Nessun Contatto,,,Nessuna,1,0,1,0.0,1,1,1,1,0,0,0,0,0,0,0,0,8500.0,2,1.0,1.0,0.0,False,0,0,0,0,0.02,monte_carlo_run_568_seed_610.log
569,19,1,-1,-1,1,-1,611,3101,0.123,1.51,False,Solitudine / Nessun Contatto,,,Nessuna,1,0,1,0.0,1,1,1,1,0,0,0,0,0,0,0,0,8500.0,2,1.0,1.0,0.0,False,0,0,0,0,0.02,monte_carlo_run_569_seed_611.log
570,19,1,-1,-1,1,-1,612,3101,0.142,2.14,False,Solitudine / Nessun Contatto,,,Nessuna,1,0,1,0.0,1,1,1,1,0,0,0,0,0,0,0,0,8500.0,2,1.0,1.0,0.0,False,0,0,0,0,0.02,monte_carlo_run_570_seed_612.log
571,20,1,-1,-1,1,1,613,3101,0.096,1.57,False,Solitudine / Nessun Contatto,,,Nessuna,1,0,1,0.0,1,1,1,1,0,0,0,0,0,0,0,0,8500.0,2,1.0,1.0,0.0,False,0,0,0,0,0.02,monte_carlo_run_571_seed_613.log
572,20,1,-1,-1,1,1,614,3101,0.072,0.98,False,Solitudine / Nessun Contatto,,,Nessuna,2,0,2,0.0,2,2,2,2,0,0,0,0,0,0,0,0,8500.0,6,1.0,1.0,0.0,False,0,0,1,1,0.04,monte_carlo_run_572_seed_614.log
573,20,1,-1,-1,1,1,615,3101,0.099,1.44,False,Solitudine / Nessun Contatto,,,Nessuna,1,0,1,0.0,1,1,1,1,0,0,0,0,0,0,0,0,8500.0,2,1.0,1.0,0.0,False,0,0,0,0,0.02,monte_carlo_run_573_seed_615.log
574,20,1,-1,-1,1,1,616,3101,0.114,1.61,False,Solitudine / Nessun Contatto,,,Nessuna,1,0,1,0.0,1,1,1,1,0,0,0,0,0,0,0,0,8500.0,2,1.0,1.0,0.0,False,0,0,0,0,0.02,monte_carlo_run_574_seed_616.log
575,20,1,-1,-1,1,1,617,3101,0.123,1.48,False,Solitudine / Nessun Contatto,,,Nessuna,2,0,2,1.22,1,1,1,1,0,0,0,0,0,0,0,0,8500.0,2,1.0,1.0,0.0,False,0,0,0,0,39.72,monte_carlo_run_575_seed_617.log
576,20,1,-1,-1,1,1,618,3101,0.108,2.49,False,Solitudine / Nessun Contatto,,,Nessuna,1,0,1,0.0,1,1,1,1,0,0,0,0,0,0,0,0,8500.0,2,1.0,1.0,0.0,False,0,0,0,0,0.02,monte_carlo_run_576_seed_618.log
577,20,1,-1,-1,1,1,619,3101,0.14,3.09,False,Solitudine / Nessun Contatto,,,Nessuna,3,0,3,3.25,1,1,1,1,0,0,0,0,0,0,0,0,8500.0,2,1.002,1.002,0.0,False,1,0,0,0,189.74,monte_carlo_run_577_seed_619.log
578,20,1,-1,-1,1,1,620,3101,0.069,1.6,False,Solitudine / Nessun Contatto,,,Nessuna,4,0,4,1.06,3,3,3,3,0,0,0,0,0,0,0,0,8500.0,9,1.0,1.0,0.0,False,0,0,0,2,90.12,monte_carlo_run_578_seed_620.log
579,20,1,-1,-1,1,1,621,3101,0.055,0.69,False,Solitudine / Nessun Contatto,,,Nessuna,1,0,1,0.0,1,1,1,1,0,0,0,0,0,0,0,0,8500.0,2,1.0,1.0,0.0,False,0,0,0,0,0.02,monte_carlo_run_579_seed_621.log
580,20,1,-1,-1,1,1,622,3101,0.062,1.49,False,Solitudine / Nessun Contatto,,,Nessuna,2,0,2,0.0,2,2,2,2,0,0,0,0,0,0,0,0,8500.0,6,1.0,1.0,0.0,False,0,0,0,1,0.04,monte_carlo_run_580_seed_622.log
581,20,1,-1,-1,1,1,623,3101,0.086,1.81,False,Solitudine / Nessun Contatto,,,Nessuna,1,0,1,0.0,1,1,1,1,0,0,0,0,0,0,0,0,8500.0,2,1.0,1.0,0.0,False,0,0,0,0,0.02,monte_carlo_run_581_seed_623.log
582,20,1,-1,-1,1,1,624,3101,0.14,2.01,False,Solitudine / Nessun Contatto,,,Nessuna,2,0,2,1.96,1,1,1,1,0,0,0,0,0,0,0,0,8500.0,2,1.0,1.0,0.0,False,0,0,0,0,108.34,monte_carlo_run_582_seed_624.log
583,20,1,-1,-1,1,1,625,3101,0.058,1.1,False,Solitudine / Nessun Contatto,,,Nessuna,2,0,2,0.0,2,2,2,2,0,0,0,0,0,0,0,0,8500.0,6,1.0,1.0,0.0,False,0,0,0,1,0.04,monte_carlo_run_583_seed_625.log
584,20,1,-1,-1,1,1,626,3101,0.093,1.74,False,Solitudine / Nessun Contatto,,,Nessuna,2,0,2,0.0,2,2,2,2,0,0,0,0,0,0,0,0,8500.0,6,1.0,1.0,0.0,False,0,0,0,1,0.04,monte_carlo_run_584_seed_626.log
585,20,1,-1,-1,1,1,627,3101,0.061,1.27,False,Solitudine / Nessun Contatto,,,Nessuna,1,0,1,0.0,1,1,1,1,0,0,0,0,0,0,0,0,8500.0,2,1.0,1.0,0.0,False,0,0,0,0,0.02,monte_carlo_run_585_seed_627.log
586,20,1,-1,-1,1,1,628,3101,0.071,1.68,False,Solitudine / Nessun Contatto,,,Nessuna,3,0,3,1.22,1,1,1,1,0,0,0,0,0,0,0,0,8500.0,2,1.0,1.0,0.0,False,0,0,0,0,118.89,monte_carlo_run_586_seed_628.log
587,20,1,-1,-1,1,1,629,3101,0.075,1.51,False,Solitudine / Nessun Contatto,,,Nessuna,3,0,3,0.0,3,3,3,3,0,0,0,0,0,0,0,0,8500.0,10,1.001,1.001,0.0,False,0,0,2,2,0.06,monte_carlo_run_587_seed_629.log
588,20,1,-1,-1,1,1,630,3101,0.137,3.27,False,Solitudine / Nessun Contatto,,,Nessuna,2,0,2,2.85,1,1,1,1,0,0,0,0,0,0,0,0,8500.0,2,1.0,1.0,0.0,False,0,0,0,0,138.4,monte_carlo_run_588_seed_630.log
589,20,1,-1,-1,1,1,631,3101,0.092,1.8,False,Solitudine / Nessun Contatto,,,Nessuna,1,0,1,0.0,1,1,1,1,0,0,0,0,0,0,0,0,8500.0,2,1.0,1.0,0.0,False,0,0,0,0,0.02,monte_carlo_run_589_seed_631.log
590,20,1,-1,-1,1,1,632,3101,0.115,2.18,False,Solitudine / Nessun Contatto,,,Nessuna,4,0,4,0.0,3,3,3,3,0,0,0,0,0,0,0,0,8500.0,8,1.0,1.0,0.0,False,0,0,0,2,31.42,monte_carlo_run_590_seed_632.log
591,20,1,-1,-1,1,1,633,3101,0.063,1.35,False,Solitudine / Nessun Contatto,,,Nessuna,1,0,1,0.0,1,1,1,1,0,0,0,0,0,0,0,0,8500.0,2,1.0,1.0,0.0,False,0,0,0,0,0.02,monte_carlo_run_591_seed_633.log
592,20,1,-1,-1,1,1,634,3101,0.076,1.12,False,Solitudine / Nessun Contatto,,,Nessuna,2,0,2,0.99,1,1,1,1,0,0,0,0,0,0,0,0,8500.0,2,1.0,1.0,0.0,False,0,0,0,0,78.75,monte_carlo_run_592_seed_634.log
593,20,1,-1,-1,1,1,635,3101,0.133,2.29,False,Solitudine / Nessun Contatto,,,Nessuna,4,0,4,1.52,2,2,2,2,0,0,0,0,0,0,0,0,8500.0,6,1.006,1.006,0.0,False,0,0,1,1,120.23,monte_carlo_run_593_seed_635.log
594,20,1,-1,-1,1,1,636,3101,0.1,2.09,False,Solitudine / Nessun Contatto,,,Nessuna,1,0,1,0.0,1,1,1,1,0,0,0,0,0,0,0,0,8500.0,2,1.0,1.0,0.0,False,0,0,0,0,0.02,monte_carlo_run_594_seed_636.log
595,20,1,-1,-1,1,1,637,3101,0.059,1.06,False,Solitudine / Nessun Contatto,,,Nessuna,1,0,1,0.0,1,1,1,1,0,0,0,0,0,0,0,0,8500.0,2,1.0,1.0,0.0,False,0,0,0,0,0.02,monte_carlo_run_595_seed_637.log
596,20,1,-1,-1,1,1,638,3101,0.124,2.52,False,Solitudine / Nessun Contatto,,,Nessuna,6,0,6,2.71,2,2,2,2,0,0,0,0,0,0,0,0,8500.0,6,1.029,1.029,0.0,False,3,0,1,1,402.9,monte_carlo_run_596_seed_638.log
597,20,1,-1,-1,1,1,639,3101,0.076,1.24,False,Solitudine / Nessun Contatto,,,Nessuna,1,0,1,0.0,1,1,1,1,0,0,0,0,0,0,0,0,8500.0,2,1.0,1.0,0.0,False,0,0,0,0,0.02,monte_carlo_run_597_seed_639.log
598,20,1,-1,-1,1,1,640,3101,0.138,1.67,False,Solitudine / Nessun Contatto,,,Nessuna,2,0,2,1.6,1,1,1,1,0,0,0,0,0,0,0,0,8500.0,2,1.0,1.0,0.0,False,0,0,0,0,46.31,monte_carlo_run_598_seed_640.log
599,20,1,-1,-1,1,1,641,3101,0.092,1.21,False,Solitudine / Nessun Contatto,,,Nessuna,1,0,1,0.0,1,1,1,1,0,0,0,0,0,0,0,0,8500.0,2,1.0,1.0,0.0,False,0,0,0,0,0.02,monte_carlo_run_599_seed_641.log
600,20,1,-1,-1,1,1,642,3101,0.101,1.44,False,Solitudine / Nessun Contatto,,,Nessuna,1,0,1,0.0,1,1,1,1,0,0,0,0,0,0,0,0,8500.0,2,1.0,1.0,0.0,False,0,0,0,0,0.02,monte_carlo_run_600_seed_642.log
601,21,1,-1,1,-1,-1,643,3101,0.437,9.96,True,Contatto Planetario / Biofirme,29.73,6.77,Predatoria,4,2,8,15.81,7,4,2,1,1,3,3,3,0,0,0,0,8505.15,2,1.041,0.986,-0.055,False,0,0,0,0,282.25,monte_carlo_run_601_seed_643.log
602,21,1,-1,1,-1,-1,644,3101,0.242,5.5,True,Contatto Planetario / Biofirme,281.42,6.84,Diffidente,10,0,480,14.33,65,48,11,2,8,49,5,5,0,4,2,1,8527.26,125,1.346,1.6,0.2541,True,409,0,99,179,10000.65,monte_carlo_run_602_seed_644.log
603,21,1,-1,1,-1,-1,645,3101,0.31,7.17,True,Incontro Flotta Deep-Space,566.96,5.9,Collaborativa,27,0,660,12.76,105,76,7,1,4,95,7,7,0,5,5,0,8541.52,240,1.582,1.599,0.017,True,554,0,348,602,9688.83,monte_carlo_run_603_seed_645.log
604,21,1,-1,1,-1,-1,646,3101,0.446,8.59,True,Contatto Planetario / Biofirme,106.8,13.67,Collaborativa,8,0,37,18.61,12,8,4,2,1,8,7,7,0,4,2,2,8526.88,14,1.376,1.437,0.061,True,28,0,15,20,1749.63,monte_carlo_run_604_seed_646.log
605,21,1,-1,1,-1,-1,647,3101,0.508,9.67,True,Incontro Flotta Deep-Space,1340.73,5.17,Collaborativa,122,1,885,27.52,150,104,10,2,8,137,15,15,0,12,10,1,8583.33,337,1.585,1.6,0.0154,True,732,0,411,743,7815.82,monte_carlo_run_605_seed_647.log
606,21,1,-1,1,-1,-1,648,3101,0.593,14.01,True,Contatto Planetario / Biofirme,116.5,10.39,Collaborativa,10,2,1214,28.11,180,130,8,1,3,163,15,15,0,8,8,0,8560.49,329,1.6,1.6,0.0,False,1031,0,362,637,10006.14,monte_carlo_run_606_seed_648.log
607,21,1,-1,1,-1,-1,649,3101,0.366,6.76,True,Contatto Planetario / Biofirme,386.45,13.2,Cauta,17,0,834,22.83,138,105,15,5,9,118,22,22,0,14,14,0,8587.35,238,1.508,1.6,0.0918,True,696,0,259,534,8368.21,monte_carlo_run_607_seed_649.log
608,21,1,-1,1,-1,-1,650,3101,0.322,5.13,True,Incontro Flotta Deep-Space,1484.34,11.32,Biosfera Primitiva,91,0,697,20.52,121,95,8,2,3,110,4,4,0,3,3,0,8526.21,201,1.324,1.6,0.2764,True,568,0,243,427,10001.67,monte_carlo_run_608_seed_650.log
609,21,1,-1,1,-1,-1,651,3101,0.542,11.24,True,Contatto Planetario / Biofirme,106.8,7.14,Ostile,5,0,6,12.96,6,4,3,1,2,3,3,3,0,0,0,0,8501.14,2,1.001,0.988,-0.0127,False,0,0,0,0,192.55,monte_carlo_run_609_seed_651.log
610,21,1,-1,1,-1,-1,652,3101,0.485,10.66,True,Contatto Planetario / Biofirme,168.77,12.5,Diffidente,12,1,461,16.37,83,53,7,2,5,68,8,8,0,4,4,0,8535.84,154,1.56,1.6,0.0395,True,376,0,176,311,5738.13,monte_carlo_run_610_seed_652.log
611,21,1,-1,1,-1,-1,653,3101,0.589,11.54,True,Contatto Planetario / Biofirme,168.05,10.36,Cauta,8,1,1562,22.62,256,195,16,3,11,231,19,19,0,15,11,4,8586.1,557,1.6,1.6,0.0,False,1303,0,910,1469,6685.91,monte_carlo_run_611_seed_653.log
612,21,1,-1,1,-1,-1,654,3101,0.516,10.12,True,Incontro Flotta Deep-Space,1071.59,4.13,Collaborativa,74,1,994,24.95,154,110,8,2,6,144,24,24,0,17,15,2,8610.14,332,1.6,1.6,0.0,False,835,0,531,888,7328.05,monte_carlo_run_612_seed_654.log
613,21,1,-1,1,-1,-1,655,3101,0.529,8.67,True,Incontro Flotta Deep-Space,1187.79,10.73,Biosfera Primitiva,66,1,1257,17.28,229,170,11,4,7,210,19,19,0,12,11,1,8589.28,484,1.47,1.6,0.1298,True,1025,0,683,1234,10000.12,monte_carlo_run_613_seed_655.log
614,21,1,-1,1,-1,-1,656,3101,0.316,6.5,True,Incontro Flotta Deep-Space,397.21,5.31,Neutrale,13,0,600,19.94,92,71,11,1,9,78,11,11,0,8,6,1,8546.32,193,1.478,1.6,0.1216,True,506,0,217,415,10000.65,monte_carlo_run_614_seed_656.log
615,21,1,-1,1,-1,-1,657,3101,0.509,11.67,False,Solitudine / Nessun Contatto,,,Nessuna,7,2,7,11.29,8,6,2,1,1,4,4,4,0,0,0,0,8504.76,2,1.05,0.889,-0.161,False,0,0,1,1,220.92,monte_carlo_run_615_seed_657.log
616,21,1,-1,1,-1,-1,658,3101,0.364,4.85,True,Contatto Planetario / Biofirme,931.35,14.85,Collaborativa,42,1,278,40.24,45,37,4,2,1,40,32,32,0,18,8,7,8619.29,75,1.594,1.6,0.0061,True,225,0,61,94,10000.79,monte_carlo_run_616_seed_658.log
617,21,1,-1,1,-1,-1,659,3101,0.54,10.45,True,Contatto Planetario / Biofirme,42.41,12.88,Diffidente,4,1,1158,24.15,208,147,18,5,11,183,19,19,0,13,8,4,8583.32,473,1.5,1.6,0.1005,True,943,0,608,1193,10002.06,monte_carlo_run_617_seed_659.log
618,21,1,-1,1,-1,-1,660,3101,0.539,10.45,True,Contatto Planetario / Biofirme,39.36,6.72,Collaborativa,4,1,16,12.85,6,4,3,2,1,2,2,2,0,1,0,1,8508.7,3,1.056,1.087,0.0308,True,10,0,1,1,682.68,monte_carlo_run_618_seed_660.log
619,21,1,-1,1,-1,-1,661,3101,0.21,3.3,False,Solitudine / Nessun Contatto,,,Nessuna,1,0,1,0.0,1,1,1,1,0,0,0,0,0,0,0,0,8500.0,2,1.0,1.0,0.0,False,0,0,0,0,0.02,monte_carlo_run_619_seed_661.log
620,21,1,-1,1,-1,-1,662,3101,0.212,3.3,True,Contatto Planetario / Biofirme,4.9,1.04,Cauta,2,0,3,1.59,2,2,2,2,0,0,0,0,0,0,0,0,8500.0,2,1.002,1.002,0.0,False,1,0,0,0,113.76,monte_carlo_run_620_seed_662.log
621,21,1,-1,1,-1,-1,663,3101,0.361,7.05,True,Incontro Flotta Deep-Space,409.48,5.72,Collaborativa,22,0,339,24.99,50,37,4,2,2,44,14,14,0,9,4,4,8562.79,88,1.51,1.6,0.0895,True,290,0,98,139,4130.01,monte_carlo_run_621_seed_663.log
622,21,1,-1,1,-1,-1,664,3101,0.534,10.47,True,Contatto Planetario / Biofirme,18.1,5.53,Ostile,3,0,1438,26.9,228,171,23,3,15,197,16,16,0,11,10,1,8582.19,482,1.33,1.6,0.2699,True,1206,0,661,1103,8590.44,monte_carlo_run_622_seed_664.log
623,21,1,-1,1,-1,-1,665,3101,0.31,7.38,True,Incontro Flotta Deep-Space,957.32,3.8,Biosfera Primitiva,48,2,922,18.42,149,106,7,2,5,135,20,20,0,12,12,0,8586.81,305,1.327,1.6,0.2734,True,771,0,414,697,9215.08,monte_carlo_run_623_seed_665.log
624,21,1,-1,1,-1,-1,666,3101,0.57,11.59,True,Incontro Flotta Deep-Space,1101.97,1.94,Collaborativa,154,1,1015,22.85,149,110,5,1,4,142,20,20,0,16,15,1,8610.94,336,1.6,1.6,0.0,False,860,0,502,834,10004.48,monte_carlo_run_624_seed_666.log
625,21,1,-1,1,-1,-1,667,3101,0.508,9.52,True,Contatto Planetario / Biofirme,9.13,4.64,Cauta,2,1,1374,25.92,216,159,15,4,11,193,19,19,0,13,11,1,8601.66,482,1.584,1.6,0.0158,True,1156,0,735,1260,8216.33,monte_carlo_run_625_seed_667.log
626,21,1,-1,1,-1,-1,668,3101,0.507,8.26,True,Incontro Flotta Deep-Space,425.88,0.0,Neutrale,20,0,661,40.62,107,84,8,2,5,95,23,23,0,19,14,5,8609.35,241,1.569,1.6,0.0309,True,548,0,284,509,10008.52,monte_carlo_run_626_seed_668.log
627,21,1,-1,1,-1,-1,669,3101,0.575,9.88,True,Contatto Planetario / Biofirme,19.23,6.58,Ostile,3,0,15,20.28,15,11,2,0,2,13,13,13,0,0,0,0,8514.02,1,0.805,0.99,0.185,True,0,0,0,1,406.71,monte_carlo_run_627_seed_669.log
628,21,1,-1,1,-1,-1,670,3101,0.548,9.67,True,Contatto Planetario / Biofirme,13.09,7.17,Collaborativa,2,0,802,21.53,136,98,11,5,4,119,19,19,0,11,8,3,8574.38,259,1.237,1.6,0.3631,True,661,0,422,657,7762.56,monte_carlo_run_628_seed_670.log
629,21,1,-1,1,-1,-1,671,3101,0.479,5.84,True,Incontro Flotta Deep-Space,1251.68,20.21,Collaborativa,114,1,927,33.72,130,95,17,3,10,108,37,37,0,33,24,7,8715.92,249,1.593,1.6,0.007,True,795,0,301,472,10010.2,monte_carlo_run_629_seed_671.log
630,21,1,-1,1,-1,-1,672,3101,0.389,4.97,True,Incontro Flotta Deep-Space,496.63,3.37,Neutrale,19,0,197,41.87,30,21,3,1,2,27,21,21,0,13,5,7,8590.79,52,1.6,1.6,0.0,False,165,0,52,72,6424.48,monte_carlo_run_630_seed_672.log
631,22,1,-1,1,-1,1,673,3101,0.436,7.07,True,Incontro Flotta Deep-Space,414.37,0.0,Diffidente,38,0,572,22.36,86,67,5,3,1,79,9,9,0,6,6,0,8536.36,196,1.356,1.6,0.2444,True,485,0,235,425,4606.04,monte_carlo_run_631_seed_673.log
632,22,1,-1,1,-1,1,674,3101,0.511,12.31,True,Incontro Flotta Deep-Space,337.01,8.77,Neutrale,43,0,1331,20.37,227,169,18,3,12,192,11,11,0,8,7,1,8543.09,528,1.567,1.6,0.0325,True,1101,0,924,1531,10001.54,monte_carlo_run_632_seed_674.log
633,22,1,-1,1,-1,1,675,3101,0.361,8.26,True,Contatto Planetario / Biofirme,28.7,8.82,Cauta,3,2,1100,25.01,187,136,24,2,18,153,13,13,0,8,8,0,8554.35,381,1.6,1.6,0.0,False,915,0,545,953,7826.57,monte_carlo_run_633_seed_675.log
634,22,1,-1,1,-1,1,676,3101,0.552,8.72,True,Incontro Flotta Deep-Space,587.54,11.91,Neutrale,35,2,1169,28.03,194,143,18,5,11,164,31,31,0,21,21,0,8631.67,334,1.505,1.6,0.0954,True,969,0,436,746,8672.2,monte_carlo_run_634_seed_676.log
635,22,1,-1,1,-1,1,677,3101,0.357,7.63,True,Contatto Planetario / Biofirme,441.72,16.82,Cauta,24,2,1365,33.51,219,158,18,6,10,192,30,30,0,15,13,1,8628.92,424,1.58,1.6,0.0197,True,1138,0,472,843,10004.28,monte_carlo_run_635_seed_677.log
636,22,1,-1,1,-1,1,678,3101,0.534,7.27,True,Incontro Flotta Deep-Space,888.02,4.98,Collaborativa,130,0,1156,24.66,181,130,14,3,7,158,16,16,0,9,7,1,8562.62,419,1.588,1.6,0.0123,True,969,0,654,979,9069.8,monte_carlo_run_636_seed_678.log
637,22,1,-1,1,-1,1,679,3101,0.214,5.07,True,Incontro Flotta Deep-Space,540.35,4.79,Ostile,15,0,189,45.71,25,20,2,1,1,20,19,19,0,11,7,4,8573.18,31,1.544,1.6,0.0563,True,159,0,20,33,10001.34,monte_carlo_run_637_seed_679.log
638,22,1,-1,1,-1,1,680,3101,0.357,6.16,True,Contatto Planetario / Biofirme,313.26,7.87,Cauta,11,0,264,31.85,37,28,8,1,7,29,22,22,0,14,7,4,8594.39,55,1.426,1.6,0.1737,True,226,0,35,56,8659.6,monte_carlo_run_638_seed_680.log
639,22,1,-1,1,-1,1,681,3101,0.468,6.09,True,Contatto Planetario / Biofirme,283.44,9.87,Diffidente,47,0,515,18.78,85,69,12,3,7,72,2,2,0,1,0,1,8511.76,209,1.6,1.4,-0.2002,False,425,0,298,456,4383.84,monte_carlo_run_639_seed_681.log
640,22,1,-1,1,-1,1,682,3101,0.545,10.85,True,Contatto Planetario / Biofirme,15.98,8.71,Collaborativa,2,0,889,26.16,156,120,13,3,9,138,20,20,0,12,11,1,8576.94,338,1.378,1.6,0.222,True,730,0,478,741,10005.84,monte_carlo_run_640_seed_682.log
641,22,1,-1,1,-1,1,683,3101,0.33,7.83,True,Contatto Planetario / Biofirme,87.31,6.9,Diffidente,5,0,1390,22.35,220,171,13,3,9,204,13,13,0,10,9,1,8579.09,531,1.593,1.6,0.0071,True,1171,0,933,1650,8785.9,monte_carlo_run_641_seed_683.log
642,22,1,-1,1,-1,1,684,3101,0.566,11.69,True,Contatto Planetario / Biofirme,131.58,11.01,Collaborativa,12,0,14,13.68,7,7,2,1,1,5,5,5,0,0,0,0,8510.21,2,1.018,0.98,-0.0378,False,7,0,0,0,349.85,monte_carlo_run_642_seed_684.log
643,22,1,-1,1,-1,1,685,3101,0.214,3.94,False,Solitudine / Nessun Contatto,,,Nessuna,2,0,2,0.48,1,1,1,1,0,0,0,0,0,0,0,0,8500.0,2,1.0,1.0,0.0,False,0,0,0,0,8.95,monte_carlo_run_643_seed_685.log
644,22,1,-1,1,-1,1,686,3101,0.593,9.42,True,Incontro Flotta Deep-Space,1441.09,4.94,Biosfera Primitiva,151,0,869,18.39,157,116,9,3,5,140,20,20,0,14,10,3,8608.94,323,1.537,1.6,0.0634,True,710,0,500,890,6294.16,monte_carlo_run_644_seed_686.log
645,22,1,-1,1,-1,1,687,3101,0.598,14.18,True,Incontro Flotta Deep-Space,464.97,4.98,Biosfera Primitiva,29,1,1471,28.69,245,190,16,5,8,221,22,22,0,16,12,4,8621.07,570,1.6,1.6,0.0,False,1225,0,953,1623,7277.41,monte_carlo_run_645_seed_687.log
646,22,1,-1,1,-1,1,688,3101,0.349,7.23,True,Incontro Flotta Deep-Space,433.81,7.21,Neutrale,14,0,711,22.97,120,83,8,3,4,106,16,16,0,8,7,1,8555.11,265,1.6,1.6,0.0,False,587,0,480,710,10001.58,monte_carlo_run_646_seed_688.log
647,22,1,-1,1,-1,1,689,3101,0.375,5.76,True,Incontro Flotta Deep-Space,870.51,8.27,Neutrale,37,0,79,19.66,16,10,2,1,1,13,6,6,0,4,3,0,8530.77,28,1.6,1.436,-0.1637,False,62,0,26,34,3300.06,monte_carlo_run_647_seed_689.log
648,22,1,-1,1,-1,1,690,3101,0.307,6.41,True,Contatto Planetario / Biofirme,210.73,9.26,Predatoria,20,0,772,20.69,138,100,13,5,5,117,19,19,0,12,9,1,8575.51,260,1.6,1.6,0.0,False,629,0,264,481,8220.9,monte_carlo_run_648_seed_690.log
649,22,1,-1,1,-1,1,691,3101,0.533,13.14,True,Contatto Planetario / Biofirme,177.85,18.25,Cauta,14,1,1284,34.14,195,130,20,4,12,163,19,19,0,17,14,3,8601.97,395,1.6,1.6,0.0,False,1087,0,506,888,10006.43,monte_carlo_run_649_seed_691.log
650,22,1,-1,1,-1,1,692,3101,0.239,4.63,False,Solitudine / Nessun Contatto,,,Nessuna,1,0,1,0.0,1,1,1,1,0,0,0,0,0,0,0,0,8500.0,2,1.0,1.0,0.0,False,0,0,0,0,0.02,monte_carlo_run_650_seed_692.log
651,22,1,-1,1,-1,1,693,3101,0.46,5.66,True,Contatto Planetario / Biofirme,493.77,11.43,Collaborativa,24,0,233,18.74,47,35,6,2,4,39,15,15,0,8,2,2,8560.87,77,1.262,1.6,0.338,True,184,0,89,142,4048.1,monte_carlo_run_651_seed_693.log
652,22,1,-1,1,-1,1,694,3101,0.542,13.27,True,Incontro Flotta Deep-Space,1285.21,7.75,Neutrale,152,1,991,17.92,143,109,8,1,6,126,9,9,0,7,5,2,8564.75,315,1.6,1.6,0.0,False,847,0,373,679,9993.52,monte_carlo_run_652_seed_694.log
653,22,1,-1,1,-1,1,695,3101,0.409,7.76,True,Incontro Flotta Deep-Space,9.85,4.03,Diffidente,5,0,1300,5.45,203,155,11,3,7,185,1,1,0,1,1,0,8503.92,483,1.589,0.427,-1.1623,False,1094,0,821,1218,8722.06,monte_carlo_run_653_seed_695.log
654,22,1,-1,1,-1,1,696,3101,0.371,8.07,True,Contatto Planetario / Biofirme,301.29,12.9,Collaborativa,29,1,661,17.51,100,70,9,3,5,82,7,7,0,6,4,2,8533.28,202,1.6,1.6,0.0,False,560,0,246,358,8970.94,monte_carlo_run_654_seed_696.log
655,22,1,-1,1,-1,1,697,3101,0.512,8.4,True,Incontro Flotta Deep-Space,1106.95,5.91,Biosfera Primitiva,141,0,1526,31.95,244,179,17,7,9,218,14,14,0,10,9,1,8561.67,564,1.6,1.6,0.0,False,1276,0,963,1593,8784.65,monte_carlo_run_655_seed_697.log
656,22,1,-1,1,-1,1,698,3101,0.579,10.65,True,Incontro Flotta Deep-Space,179.9,20.54,Diffidente,37,0,1264,20.54,199,141,13,4,9,183,7,7,0,2,2,0,8515.51,481,1.6,1.6,0.0,False,1061,0,768,1286,7516.99,monte_carlo_run_656_seed_698.log
657,22,1,-1,1,-1,1,699,3101,0.34,5.67,True,Contatto Planetario / Biofirme,1044.24,15.14,Collaborativa,30,2,452,24.44,68,55,11,1,7,54,17,17,0,13,11,2,8587.66,95,1.455,1.6,0.1447,True,383,0,96,163,10001.71,monte_carlo_run_657_seed_699.log
658,22,1,-1,1,-1,1,700,3101,0.339,5.41,True,Incontro Flotta Deep-Space,571.57,7.61,Collaborativa,48,0,110,14.23,15,11,3,2,1,12,0,0,0,0,0,0,8500.0,37,1.318,1.318,0.0,False,95,0,34,51,1854.22,monte_carlo_run_658_seed_700.log
659,22,1,-1,1,-1,1,701,3101,0.523,8.66,True,Incontro Flotta Deep-Space,407.93,4.83,Diffidente,35,0,1233,26.67,184,134,12,4,5,163,19,19,0,14,14,0,8584.37,403,1.574,1.6,0.0256,True,1048,0,650,1048,8748.64,monte_carlo_run_659_seed_701.log
660,22,1,-1,1,-1,1,702,3101,0.278,3.79,False,Solitudine / Nessun Contatto,,,Nessuna,4,0,4,4.02,2,2,1,1,0,1,1,1,0,0,0,0,8500.32,2,1.0,0.758,-0.2425,False,0,0,0,0,139.16,monte_carlo_run_660_seed_702.log
661,23,1,-1,1,1,-1,703,3101,0.348,8.48,True,Contatto Planetario / Biofirme,952.77,11.87,Cauta,37,1,545,33.88,40,27,4,1,3,35,23,23,0,15,4,7,8596.1,72,1.6,1.6,0.0,False,504,0,47,75,10000.6,monte_carlo_run_661_seed_703.log
662,23,1,-1,1,1,-1,704,3101,0.236,4.02,False,Solitudine / Nessun Contatto,,,Nessuna,161,0,161,28.29,6,5,2,2,0,4,3,3,0,2,1,0,8521.02,10,1.6,1.6,0.0,False,134,0,3,4,10002.37,monte_carlo_run_662_seed_704.log
663,23,1,-1,1,1,-1,705,3101,0.413,6.62,True,Incontro Flotta Deep-Space,1178.46,19.61,Neutrale,51,0,436,36.91,29,22,3,1,2,26,18,18,0,12,7,4,8579.2,46,1.6,1.6,0.0,False,405,0,22,40,10003.99,monte_carlo_run_663_seed_705.log
664,23,1,-1,1,1,-1,706,3101,0.431,8.93,True,Contatto Planetario / Biofirme,708.57,13.05,Cauta,28,0,270,15.48,20,17,2,1,0,17,4,4,0,1,1,0,8513.12,40,1.6,1.376,-0.2242,False,249,0,12,36,4747.75,monte_carlo_run_664_seed_706.log
665,23,1,-1,1,1,-1,707,3101,0.448,7.3,True,Incontro Flotta Deep-Space,1586.49,14.36,Diffidente,102,0,735,28.06,42,27,4,3,1,37,7,7,0,6,4,1,8538.46,92,1.6,1.6,0.0,False,692,0,53,92,10012.3,monte_carlo_run_665_seed_707.log
666,23,1,-1,1,1,-1,708,3101,0.522,7.75,True,Incontro Flotta Deep-Space,408.11,6.49,Collaborativa,20,0,342,37.6,18,12,1,1,0,15,13,13,0,10,7,3,8575.72,35,1.6,1.6,0.0,False,324,0,17,32,10002.04,monte_carlo_run_666_seed_708.log
667,23,1,-1,1,1,-1,709,3101,0.443,6.6,True,Contatto Planetario / Biofirme,1430.57,16.12,Cauta,66,1,713,39.61,45,27,4,1,3,38,21,21,0,16,12,3,8611.9,85,1.6,1.6,0.0,False,666,0,40,81,10001.54,monte_carlo_run_667_seed_709.log
668,23,1,-1,1,1,-1,710,3101,0.511,8.4,True,Incontro Flotta Deep-Space,869.39,12.22,Neutrale,44,1,481,33.83,31,24,3,1,2,26,13,13,0,10,7,1,8572.16,61,1.6,1.6,0.0,False,450,0,33,53,10009.24,monte_carlo_run_668_seed_710.log
669,23,1,-1,1,1,-1,711,3101,0.3,5.73,True,Incontro Flotta Deep-Space,1376.07,14.35,Diffidente,33,2,622,39.29,39,29,3,1,1,32,13,13,0,10,5,3,8562.9,69,1.6,1.6,0.0,False,578,0,39,59,10001.18,monte_carlo_run_669_seed_711.log
670,23,1,-1,1,1,-1,712,3101,0.375,5.61,True,Incontro Flotta Deep-Space,1026.11,11.36,Neutrale,72,0,816,46.85,43,30,1,1,0,40,22,22,0,15,9,5,8611.9,74,1.6,1.6,0.0,False,769,0,37,68,10004.34,monte_carlo_run_670_seed_712.log
671,23,1,-1,1,1,-1,713,3101,0.565,10.49,True,Incontro Flotta Deep-Space,458.28,5.35,Ostile,22,1,681,44.61,38,26,3,1,2,32,23,23,0,16,13,2,8602.83,69,1.585,1.6,0.015,True,643,0,25,54,10004.48,monte_carlo_run_671_seed_713.log
672,23,1,-1,1,1,-1,714,3101,0.254,5.42,True,Incontro Flotta Deep-Space,2362.15,17.04,Diffidente,55,0,385,38.32,14,11,2,1,1,11,6,6,0,5,4,0,8539.93,27,1.6,1.6,0.0,False,368,0,6,17,10001.37,monte_carlo_run_672_seed_714.log
673,23,1,-1,1,1,-1,715,3101,0.572,14.26,True,Contatto Planetario / Biofirme,44.29,12.11,Predatoria,3,0,9,21.74,9,7,4,0,4,5,5,5,0,0,0,0,8504.34,1,0.884,0.906,0.0217,True,0,0,0,1,252.44,monte_carlo_run_673_seed_715.log
674,23,1,-1,1,1,-1,716,3101,0.429,9.78,True,Contatto Planetario / Biofirme,52.49,7.71,Predatoria,4,0,331,25.58,17,12,2,2,0,14,11,11,0,6,2,1,8545.62,31,1.6,1.6,0.0,False,314,0,20,27,10012.13,monte_carlo_run_674_seed_716.log
675,23,1,-1,1,1,-1,717,3101,0.351,6.18,True,Incontro Flotta Deep-Space,2512.8,16.39,Collaborativa,127,0,432,27.4,25,18,3,1,1,21,10,10,0,7,4,3,8541.12,44,1.6,1.6,0.0,False,407,0,18,40,8522.05,monte_carlo_run_675_seed_717.log
676,23,1,-1,1,1,-1,718,3101,0.28,4.33,True,Incontro Flotta Deep-Space,9470.46,14.23,Neutrale,180,0,184,40.35,9,8,2,2,0,7,7,7,0,5,3,1,8541.77,15,1.6,1.425,-0.1748,False,152,0,4,9,10001.46,monte_carlo_run_676_seed_718.log
677,23,1,-1,1,1,-1,719,3101,0.533,7.1,True,Contatto Planetario / Biofirme,1266.32,13.55,Diffidente,84,0,384,34.3,13,12,3,3,0,10,9,9,0,5,5,0,8545.24,20,1.6,1.6,0.0,False,370,0,7,12,10003.73,monte_carlo_run_677_seed_719.log
678,23,1,-1,1,1,-1,720,3101,0.589,14.39,True,Contatto Planetario / Biofirme,329.53,15.92,Collaborativa,20,1,853,24.86,53,37,4,2,2,46,17,17,0,10,5,5,8583.11,109,1.6,1.6,0.0,False,797,0,80,120,10003.32,monte_carlo_run_678_seed_720.log
679,23,1,-1,1,1,-1,721,3101,0.42,9.42,False,Solitudine / Nessun Contatto,,,Nessuna,449,0,449,25.97,25,17,3,2,1,21,7,7,0,4,2,1,8523.55,49,1.591,1.6,0.0086,True,424,0,23,47,10002.13,monte_carlo_run_679_seed_721.log
680,23,1,-1,1,1,-1,722,3101,0.221,3.69,False,Solitudine / Nessun Contatto,,,Nessuna,6,0,6,5.0,1,1,1,1,0,0,0,0,0,0,0,0,8500.0,2,1.022,1.022,0.0,False,5,0,0,0,466.0,monte_carlo_run_680_seed_722.log
681,23,1,-1,1,1,-1,723,3101,0.459,8.5,True,Contatto Planetario / Biofirme,15.0,6.89,Ostile,2,0,462,18.62,42,30,2,1,0,37,12,12,0,8,6,1,8563.3,68,1.537,1.6,0.063,True,419,0,34,68,6647.77,monte_carlo_run_681_seed_723.log
682,23,1,-1,1,1,-1,724,3101,0.501,12.23,True,Contatto Planetario / Biofirme,129.69,11.76,Cauta,10,0,773,28.44,54,39,7,1,6,44,17,17,0,10,5,3,8551.04,96,1.6,1.6,0.0,False,717,0,56,96,8932.64,monte_carlo_run_682_seed_724.log
683,23,1,-1,1,1,-1,725,3101,0.326,5.07,True,Incontro Flotta Deep-Space,2930.29,11.73,Biosfera Primitiva,86,0,395,34.96,23,19,1,1,0,20,2,2,0,2,0,2,8514.82,58,1.6,1.6,0.0,False,367,0,30,58,9386.32,monte_carlo_run_683_seed_725.log
684,23,1,-1,1,1,-1,726,3101,0.584,8.6,True,Contatto Planetario / Biofirme,310.17,12.42,Diffidente,21,0,468,28.69,37,22,3,3,0,31,10,10,0,5,4,1,8526.76,75,1.592,1.6,0.0078,True,429,0,39,73,6588.21,monte_carlo_run_684_seed_726.log
685,23,1,-1,1,1,-1,727,3101,0.275,5.04,True,Incontro Flotta Deep-Space,1103.38,14.48,Diffidente,34,0,399,38.83,28,18,4,1,3,21,11,11,0,9,5,3,8562.07,47,1.6,1.6,0.0,False,361,0,21,37,10000.25,monte_carlo_run_685_seed_727.log
686,23,1,-1,1,1,-1,728,3101,0.579,14.0,True,Contatto Planetario / Biofirme,19.5,11.29,Cauta,2,0,550,27.12,29,20,3,1,0,25,13,13,0,9,7,0,8578.8,47,1.6,1.6,0.0,False,519,0,25,46,10010.18,monte_carlo_run_686_seed_728.log
687,23,1,-1,1,1,-1,729,3101,0.422,7.46,True,Incontro Flotta Deep-Space,420.85,6.03,Ostile,18,0,446,21.48,24,16,3,1,2,20,10,10,0,6,6,0,8543.05,45,1.6,1.6,0.0,False,422,0,24,43,10011.37,monte_carlo_run_687_seed_729.log
688,23,1,-1,1,1,-1,730,3101,0.512,11.1,True,Contatto Planetario / Biofirme,40.72,9.72,Collaborativa,3,0,138,18.28,11,9,2,2,0,9,6,6,0,5,2,1,8526.09,20,1.554,1.6,0.0457,True,126,0,19,20,2314.88,monte_carlo_run_688_seed_730.log
689,23,1,-1,1,1,-1,731,3101,0.551,9.48,True,Incontro Flotta Deep-Space,700.59,11.57,Collaborativa,43,1,727,35.58,41,30,2,2,0,36,10,10,0,9,6,3,8551.65,83,1.6,1.6,0.0,False,685,0,27,65,9622.49,monte_carlo_run_689_seed_731.log
690,23,1,-1,1,1,-1,732,3101,0.592,13.83,True,Incontro Flotta Deep-Space,4172.38,17.68,Ostile,287,0,766,40.16,46,31,3,1,2,42,19,19,0,13,8,4,8581.37,103,1.6,1.6,0.0,False,718,0,54,99,10004.88,monte_carlo_run_690_seed_732.log
691,24,1,-1,1,1,1,733,3101,0.306,4.32,False,Solitudine / Nessun Contatto,,,Nessuna,6,0,6,6.71,1,1,1,1,0,0,0,0,0,0,0,0,8500.0,2,1.008,1.008,0.0,False,3,0,0,0,273.96,monte_carlo_run_691_seed_733.log
692,24,1,-1,1,1,1,734,3101,0.215,4.52,False,Solitudine / Nessun Contatto,,,Nessuna,372,0,372,0.0,28,20,6,2,4,20,0,0,0,0,0,0,8500.0,62,1.6,1.6,0.0,False,331,0,38,59,10002.21,monte_carlo_run_692_seed_734.log
693,24,1,-1,1,1,1,735,3101,0.396,8.56,True,Incontro Flotta Deep-Space,2461.02,18.82,Neutrale,167,0,648,26.85,41,31,2,2,0,38,21,21,0,11,10,0,8571.73,65,1.6,1.6,0.0,False,605,0,25,57,10003.72,monte_carlo_run_693_seed_735.log
694,24,1,-1,1,1,1,736,3101,0.575,12.84,True,Incontro Flotta Deep-Space,563.48,15.33,Collaborativa,63,0,215,25.39,11,8,1,1,0,8,4,4,0,4,1,2,8529.38,31,1.6,1.589,-0.0107,False,204,0,12,20,4793.16,monte_carlo_run_694_seed_736.log
695,24,1,-1,1,1,1,737,3101,0.242,5.23,True,Incontro Flotta Deep-Space,2170.19,18.45,Neutrale,49,0,216,32.75,13,12,2,1,1,10,6,6,0,4,3,0,8523.1,25,1.6,1.6,0.0,False,202,0,8,16,9537.75,monte_carlo_run_695_seed_737.log
696,24,1,-1,1,1,1,738,3101,0.528,6.39,True,Incontro Flotta Deep-Space,280.86,3.79,Cauta,25,0,193,28.75,9,6,2,2,0,6,5,5,0,5,4,0,8545.86,22,1.6,1.506,-0.0942,False,184,0,5,9,9120.46,monte_carlo_run_696_seed_738.log
697,24,1,-1,1,1,1,739,3101,0.359,4.35,False,Solitudine / Nessun Contatto,,,Nessuna,17,0,17,12.58,1,1,1,1,0,0,0,0,0,0,0,0,8500.0,2,1.129,1.129,0.0,False,14,0,0,0,1230.95,monte_carlo_run_697_seed_739.log
698,24,1,-1,1,1,1,740,3101,0.5,12.05,True,Incontro Flotta Deep-Space,78.86,10.73,Collaborativa,15,1,596,28.3,42,33,4,2,2,36,2,2,0,2,1,1,8515.36,108,1.6,1.6,0.0,False,554,0,80,127,6184.32,monte_carlo_run_698_seed_740.log
699,24,1,-1,1,1,1,741,3101,0.541,11.31,True,Contatto Planetario / Biofirme,24.56,11.15,Cauta,5,0,524,15.76,31,28,3,3,0,28,4,4,0,4,1,2,8527.49,80,1.6,1.6,0.0,False,491,0,48,82,10008.07,monte_carlo_run_699_seed_741.log
700,24,1,-1,1,1,1,742,3101,0.573,11.7,True,Contatto Planetario / Biofirme,71.35,16.01,Cauta,6,1,784,28.43,63,45,6,1,4,55,11,11,0,9,6,3,8569.25,134,1.6,1.6,0.0,False,722,0,81,171,6827.4,monte_carlo_run_700_seed_742.log
701,24,1,-1,1,1,1,743,3101,0.551,13.38,True,Incontro Flotta Deep-Space,3245.14,26.92,Neutrale,248,2,622,32.5,43,31,3,2,1,36,21,21,0,17,13,1,8607.17,87,1.581,1.6,0.0192,True,578,0,57,107,10015.03,monte_carlo_run_701_seed_743.log
702,24,1,-1,1,1,1,744,3101,0.228,3.95,False,Solitudine / Nessun Contatto,,,Nessuna,121,0,121,24.79,7,1,1,1,0,3,0,0,0,0,0,0,8500.0,18,1.6,1.6,0.0,False,101,0,6,10,5660.68,monte_carlo_run_702_seed_744.log
703,24,1,-1,1,1,1,745,3101,0.566,11.1,True,Incontro Flotta Deep-Space,408.5,7.1,Diffidente,15,1,325,35.96,23,18,2,1,1,20,14,14,0,10,7,2,8566.04,49,1.6,1.6,0.0,False,302,0,26,40,7592.96,monte_carlo_run_703_seed_745.log
704,24,1,-1,1,1,1,746,3101,0.462,11.37,True,Incontro Flotta Deep-Space,33.65,11.0,Diffidente,8,0,254,19.88,23,16,4,2,2,18,2,2,0,2,1,1,8515.74,59,1.6,1.441,-0.1591,False,232,0,31,59,3243.95,monte_carlo_run_704_seed_746.log
705,24,1,-1,1,1,1,747,3101,0.523,11.48,True,Incontro Flotta Deep-Space,1242.62,0.0,Collaborativa,133,0,1148,29.73,83,64,7,2,4,73,13,13,0,11,8,1,8580.45,164,1.595,1.6,0.0048,True,1063,0,95,194,10000.59,monte_carlo_run_705_seed_747.log
706,24,1,-1,1,1,1,748,3101,0.391,5.33,True,Contatto Planetario / Biofirme,3099.3,24.79,Ostile,90,0,393,33.43,21,14,3,1,1,18,10,10,0,8,5,1,8548.49,46,1.6,1.6,0.0,False,371,0,12,38,10003.73,monte_carlo_run_706_seed_748.log
707,24,1,-1,1,1,1,749,3101,0.274,5.28,True,Incontro Flotta Deep-Space,488.84,3.69,Neutrale,34,0,466,25.3,21,16,3,2,1,17,7,7,0,6,2,3,8533.47,48,1.586,1.6,0.0143,True,441,0,27,38,10001.08,monte_carlo_run_707_seed_749.log
708,24,1,-1,1,1,1,750,3101,0.31,7.16,True,Incontro Flotta Deep-Space,444.35,3.01,Neutrale,12,1,455,38.17,31,21,4,3,1,26,26,26,0,14,5,9,8621.31,41,1.6,1.6,0.0,False,421,0,22,31,10000.81,monte_carlo_run_708_seed_750.log
709,24,1,-1,1,1,1,751,3101,0.416,6.04,True,Contatto Planetario / Biofirme,1222.61,16.12,Collaborativa,68,0,172,19.07,16,14,4,2,2,11,3,3,0,2,0,2,8510.34,34,1.534,1.425,-0.1091,False,156,0,23,36,3592.75,monte_carlo_run_709_seed_751.log
710,24,1,-1,1,1,1,752,3101,0.543,9.65,True,Incontro Flotta Deep-Space,539.91,8.28,Neutrale,28,1,181,28.42,12,8,2,1,1,9,9,9,0,8,5,1,8546.49,27,1.583,1.6,0.0175,True,169,0,12,17,6204.51,monte_carlo_run_710_seed_752.log
711,24,1,-1,1,1,1,753,3101,0.496,7.55,True,Incontro Flotta Deep-Space,471.69,7.01,Diffidente,28,0,623,28.05,38,29,2,1,1,36,10,10,0,9,7,2,8558.67,88,1.6,1.6,0.0,False,584,0,54,91,10008.23,monte_carlo_run_711_seed_753.log
712,24,1,-1,1,1,1,754,3101,0.495,6.16,False,Solitudine / Nessun Contatto,,,Nessuna,397,0,397,21.08,23,16,4,3,1,18,3,3,0,3,3,0,8524.23,55,1.6,0.411,-1.1885,False,374,0,20,44,8520.09,monte_carlo_run_712_seed_754.log
713,24,1,-1,1,1,1,755,3101,0.272,3.27,False,Solitudine / Nessun Contatto,,,Nessuna,11,0,11,3.6,2,2,2,2,0,0,0,0,0,0,0,0,8500.0,6,1.017,1.017,0.0,False,6,0,1,1,221.76,monte_carlo_run_713_seed_755.log
714,24,1,-1,1,1,1,756,3101,0.383,7.29,True,Incontro Flotta Deep-Space,516.45,6.61,Neutrale,49,0,288,20.24,18,16,1,1,0,15,5,5,0,3,2,0,8533.9,45,1.6,1.496,-0.1041,False,270,0,17,36,5650.26,monte_carlo_run_714_seed_756.log
715,24,1,-1,1,1,1,757,3101,0.461,10.19,True,Incontro Flotta Deep-Space,440.36,0.0,Diffidente,21,1,698,29.92,42,29,1,1,0,39,16,16,0,13,10,2,8586.46,80,1.6,1.6,0.0,False,654,0,36,73,10001.71,monte_carlo_run_715_seed_757.log
716,24,1,-1,1,1,1,758,3101,0.43,6.76,True,Incontro Flotta Deep-Space,407.77,8.02,Collaborativa,39,1,309,32.09,29,21,3,2,0,24,9,9,0,4,0,2,8530.66,56,1.6,1.6,0.0,False,280,0,25,49,5443.52,monte_carlo_run_716_seed_758.log
717,24,1,-1,1,1,1,759,3101,0.381,9.23,True,Contatto Planetario / Biofirme,13.54,5.16,Collaborativa,2,0,680,42.86,30,26,4,3,1,25,14,14,0,8,6,1,8558.07,50,1.591,1.6,0.0087,True,648,0,14,45,10006.03,monte_carlo_run_717_seed_759.log
718,24,1,-1,1,1,1,760,3101,0.423,10.29,True,Incontro Flotta Deep-Space,441.05,8.97,Collaborativa,58,0,593,26.96,36,30,4,3,1,32,2,2,0,1,1,0,8505.14,97,1.6,1.265,-0.3346,False,557,0,70,127,6106.65,monte_carlo_run_718_seed_760.log
719,24,1,-1,1,1,1,761,3101,0.534,12.98,True,Contatto Planetario / Biofirme,10.09,5.39,Predatoria,2,2,255,26.74,20,14,4,3,1,14,12,12,0,7,3,2,8549.62,26,1.112,1.6,0.4877,True,234,0,19,25,4164.58,monte_carlo_run_719_seed_761.log
720,24,1,-1,1,1,1,762,3101,0.282,6.23,True,Contatto Planetario / Biofirme,1701.5,10.72,Predatoria,86,0,507,34.04,24,20,2,2,0,21,3,3,0,3,3,0,8522.53,53,1.6,1.6,0.0,False,482,0,14,34,10001.84,monte_carlo_run_720_seed_762.log
721,25,1,1,-1,-1,-1,763,3101,0.125,2.18,False,Solitudine / Nessun Contatto,,,Nessuna,1,0,1,0.0,2,2,2,0,2,0,0,0,0,0,0,0,8500.0,1,0.985,0.985,0.0,False,0,0,0,1,0.02,monte_carlo_run_721_seed_763.log
722,25,1,1,-1,-1,-1,764,3101,0.091,1.72,False,Solitudine / Nessun Contatto,,,Nessuna,1,0,1,0.0,2,2,2,1,1,0,0,0,0,0,0,0,8500.0,2,1.0,1.0,0.0,False,0,0,1,1,0.02,monte_carlo_run_722_seed_764.log
723,25,1,1,-1,-1,-1,765,3101,0.148,3.2,False,Solitudine / Nessun Contatto,,,Nessuna,2,0,2,3.12,1,1,1,1,0,0,0,0,0,0,0,0,8500.0,2,1.0,1.0,0.0,False,0,0,0,0,146.39,monte_carlo_run_723_seed_765.log
724,25,1,1,-1,-1,-1,766,3101,0.13,2.85,False,Solitudine / Nessun Contatto,,,Nessuna,1,0,1,0.0,1,1,1,1,0,0,0,0,0,0,0,0,8500.0,2,1.0,1.0,0.0,False,0,0,0,0,0.02,monte_carlo_run_724_seed_766.log
725,25,1,1,-1,-1,-1,767,3101,0.076,1.07,False,Solitudine / Nessun Contatto,,,Nessuna,1,0,1,0.0,2,2,2,1,1,0,0,0,0,0,0,0,8500.0,2,1.0,1.0,0.0,False,0,0,0,1,0.02,monte_carlo_run_725_seed_767.log
726,25,1,1,-1,-1,-1,768,3101,0.124,1.62,False,Solitudine / Nessun Contatto,,,Nessuna,1,0,1,0.0,1,1,1,1,0,0,0,0,0,0,0,0,8500.0,2,1.0,1.0,0.0,False,0,0,0,0,0.02,monte_carlo_run_726_seed_768.log
727,25,1,1,-1,-1,-1,769,3101,0.078,1.51,False,Solitudine / Nessun Contatto,,,Nessuna,1,0,1,0.0,1,1,1,1,0,0,0,0,0,0,0,0,8500.0,2,1.0,1.0,0.0,False,0,0,0,0,0.02,monte_carlo_run_727_seed_769.log
728,25,1,1,-1,-1,-1,770,3101,0.066,1.6,False,Solitudine / Nessun Contatto,,,Nessuna,1,0,1,0.0,2,2,2,1,1,0,0,0,0,0,0,0,8500.0,2,1.0,1.0,0.0,False,0,0,1,1,0.02,monte_carlo_run_728_seed_770.log
729,25,1,1,-1,-1,-1,771,3101,0.095,1.67,False,Solitudine / Nessun Contatto,,,Nessuna,1,0,1,0.0,1,1,1,1,0,0,0,0,0,0,0,0,8500.0,2,1.0,1.0,0.0,False,0,0,0,0,0.02,monte_carlo_run_729_seed_771.log
730,25,1,1,-1,-1,-1,772,3101,0.067,1.35,False,Solitudine / Nessun Contatto,,,Nessuna,1,0,1,0.0,1,1,1,1,0,0,0,0,0,0,0,0,8500.0,2,1.0,1.0,0.0,False,0,0,0,0,0.02,monte_carlo_run_730_seed_772.log
731,25,1,1,-1,-1,-1,773,3101,0.107,2.26,False,Solitudine / Nessun Contatto,,,Nessuna,1,0,1,0.0,1,1,1,1,0,0,0,0,0,0,0,0,8500.0,2,1.0,1.0,0.0,False,0,0,0,0,0.02,monte_carlo_run_731_seed_773.log
732,25,1,1,-1,-1,-1,774,3101,0.117,2.1,False,Solitudine / Nessun Contatto,,,Nessuna,1,0,1,0.0,1,1,1,1,0,0,0,0,0,0,0,0,8500.0,2,1.0,1.0,0.0,False,0,0,0,0,0.02,monte_carlo_run_732_seed_774.log
733,25,1,1,-1,-1,-1,775,3101,0.134,2.18,False,Solitudine / Nessun Contatto,,,Nessuna,3,0,3,1.86,1,1,1,1,0,0,0,0,0,0,0,0,8500.0,2,1.001,1.001,0.0,False,0,0,0,0,151.94,monte_carlo_run_733_seed_775.log
734,25,1,1,-1,-1,-1,776,3101,0.125,2.89,False,Solitudine / Nessun Contatto,,,Nessuna,9,0,9,5.24,2,2,2,1,1,0,0,0,0,0,0,0,8500.0,2,1.059,1.059,0.0,False,7,0,1,1,645.76,monte_carlo_run_734_seed_776.log
735,25,1,1,-1,-1,-1,777,3101,0.071,1.36,False,Solitudine / Nessun Contatto,,,Nessuna,1,0,1,0.0,2,2,2,0,2,0,0,0,0,0,0,0,8500.0,1,0.985,0.985,0.0,False,0,0,0,1,0.02,monte_carlo_run_735_seed_777.log
736,25,1,1,-1,-1,-1,778,3101,0.057,1.32,False,Solitudine / Nessun Contatto,,,Nessuna,1,0,1,0.0,2,2,2,1,1,0,0,0,0,0,0,0,8500.0,2,1.0,1.0,0.0,False,0,0,0,1,0.02,monte_carlo_run_736_seed_778.log
737,25,1,1,-1,-1,-1,779,3101,0.122,1.96,False,Solitudine / Nessun Contatto,,,Nessuna,2,0,2,1.4,2,2,2,1,1,0,0,0,0,0,0,0,8500.0,2,1.002,1.002,0.0,False,0,0,1,1,45.82,monte_carlo_run_737_seed_779.log
738,25,1,1,-1,-1,-1,780,3101,0.142,3.29,False,Solitudine / Nessun Contatto,,,Nessuna,1,0,1,0.0,3,3,3,0,3,0,0,0,0,0,0,0,8500.0,1,0.985,0.985,0.0,False,0,0,1,3,0.02,monte_carlo_run_738_seed_780.log
739,25,1,1,-1,-1,-1,781,3101,0.055,1.04,False,Solitudine / Nessun Contatto,,,Nessuna,1,0,1,0.0,2,2,2,1,1,0,0,0,0,0,0,0,8500.0,2,1.0,1.0,0.0,False,0,0,1,1,0.02,monte_carlo_run_739_seed_781.log
740,25,1,1,-1,-1,-1,782,3101,0.075,1.21,False,Solitudine / Nessun Contatto,,,Nessuna,1,0,1,0.0,1,1,1,1,0,0,0,0,0,0,0,0,8500.0,2,1.0,1.0,0.0,False,0,0,0,0,0.02,monte_carlo_run_740_seed_782.log
741,25,1,1,-1,-1,-1,783,3101,0.102,2.17,False,Solitudine / Nessun Contatto,,,Nessuna,4,0,4,4.8,1,1,1,1,0,0,0,0,0,0,0,0,8500.0,2,1.005,1.005,0.0,False,2,0,0,0,226.07,monte_carlo_run_741_seed_783.log
742,25,1,1,-1,-1,-1,784,3101,0.125,2.32,False,Solitudine / Nessun Contatto,,,Nessuna,1,0,1,0.0,2,2,2,1,1,0,0,0,0,0,0,0,8500.0,2,1.0,1.0,0.0,False,0,0,0,1,0.02,monte_carlo_run_742_seed_784.log
743,25,1,1,-1,-1,-1,785,3101,0.071,1.66,False,Solitudine / Nessun Contatto,,,Nessuna,1,0,1,0.0,1,1,1,1,0,0,0,0,0,0,0,0,8500.0,2,1.0,1.0,0.0,False,0,0,0,0,0.02,monte_carlo_run_743_seed_785.log
744,25,1,1,-1,-1,-1,786,3101,0.121,2.44,False,Solitudine / Nessun Contatto,,,Nessuna,2,0,2,2.12,2,2,2,1,1,0,0,0,0,0,0,0,8500.0,2,1.005,1.005,0.0,False,0,0,1,1,108.97,monte_carlo_run_744_seed_786.log
745,25,1,1,-1,-1,-1,787,3101,0.138,1.94,False,Solitudine / Nessun Contatto,,,Nessuna,1,0,1,0.0,1,1,1,1,0,0,0,0,0,0,0,0,8500.0,2,1.0,1.0,0.0,False,0,0,0,0,0.02,monte_carlo_run_745_seed_787.log
746,25,1,1,-1,-1,-1,788,3101,0.14,3.12,False,Solitudine / Nessun Contatto,,,Nessuna,3,0,3,3.57,1,1,1,1,0,0,0,0,0,0,0,0,8500.0,2,1.002,1.002,0.0,False,1,0,0,0,160.2,monte_carlo_run_746_seed_788.log
747,25,1,1,-1,-1,-1,789,3101,0.063,1.56,False,Solitudine / Nessun Contatto,,,Nessuna,1,0,1,0.0,1,1,1,1,0,0,0,0,0,0,0,0,8500.0,2,1.0,1.0,0.0,False,0,0,0,0,0.02,monte_carlo_run_747_seed_789.log
748,25,1,1,-1,-1,-1,790,3101,0.145,3.15,False,Solitudine / Nessun Contatto,,,Nessuna,7,0,7,4.96,1,1,1,1,0,0,0,0,0,0,0,0,8500.0,2,1.018,1.018,0.0,False,4,0,0,0,480.13,monte_carlo_run_748_seed_790.log
749,25,1,1,-1,-1,-1,791,3101,0.103,1.74,False,Solitudine / Nessun Contatto,,,Nessuna,1,0,1,0.0,1,1,1,1,0,0,0,0,0,0,0,0,8500.0,2,1.0,1.0,0.0,False,0,0,0,0,0.02,monte_carlo_run_749_seed_791.log
750,25,1,1,-1,-1,-1,792,3101,0.074,1.19,False,Solitudine / Nessun Contatto,,,Nessuna,1,0,1,0.0,2,2,2,1,1,0,0,0,0,0,0,0,8500.0,2,1.0,1.0,0.0,False,0,0,1,1,0.02,monte_carlo_run_750_seed_792.log
751,26,1,1,-1,-1,1,793,3101,0.116,2.22,False,Solitudine / Nessun Contatto,,,Nessuna,3,0,3,0.0,3,3,3,3,0,0,0,0,0,0,0,0,8500.0,10,1.0,1.0,0.0,False,0,0,0,3,0.06,monte_carlo_run_751_seed_793.log
752,26,1,1,-1,-1,1,794,3101,0.072,1.41,False,Solitudine / Nessun Contatto,,,Nessuna,1,0,1,0.0,1,1,1,1,0,0,0,0,0,0,0,0,8500.0,2,1.0,1.0,0.0,False,0,0,0,0,0.02,monte_carlo_run_752_seed_794.log
753,26,1,1,-1,-1,1,795,3101,0.068,1.69,False,Solitudine / Nessun Contatto,,,Nessuna,3,0,3,1.87,1,1,1,1,0,0,0,0,0,0,0,0,8500.0,2,1.002,1.002,0.0,False,1,0,0,0,148.03,monte_carlo_run_753_seed_795.log
754,26,1,1,-1,-1,1,796,3101,0.135,2.83,False,Solitudine / Nessun Contatto,,,Nessuna,6,0,6,2.18,5,5,2,2,0,3,2,2,0,0,0,0,8502.25,6,1.009,0.935,-0.074,False,0,0,1,1,189.07,monte_carlo_run_754_seed_796.log
755,26,1,1,-1,-1,1,797,3101,0.141,2.3,False,Solitudine / Nessun Contatto,,,Nessuna,5,0,5,0.0,3,3,3,3,0,0,0,0,0,0,0,0,8500.0,9,1.005,1.005,0.0,False,0,0,1,2,101.61,monte_carlo_run_755_seed_797.log
756,26,1,1,-1,-1,1,798,3101,0.103,2.37,False,Solitudine / Nessun Contatto,,,Nessuna,1,0,1,0.0,1,1,1,1,0,0,0,0,0,0,0,0,8500.0,2,1.0,1.0,0.0,False,0,0,0,0,0.02,monte_carlo_run_756_seed_798.log
757,26,1,1,-1,-1,1,799,3101,0.079,1.61,False,Solitudine / Nessun Contatto,,,Nessuna,3,0,3,1.4,2,2,2,2,0,0,0,0,0,0,0,0,8500.0,6,1.002,1.002,0.0,False,0,0,1,1,90.48,monte_carlo_run_757_seed_799.log
758,26,1,1,-1,-1,1,800,3101,0.145,3.44,False,Solitudine / Nessun Contatto,,,Nessuna,1,0,1,0.0,1,1,1,1,0,0,0,0,0,0,0,0,8500.0,2,1.0,1.0,0.0,False,0,0,0,0,0.02,monte_carlo_run_758_seed_800.log
759,26,1,1,-1,-1,1,801,3101,0.064,0.86,False,Solitudine / Nessun Contatto,,,Nessuna,1,0,1,0.0,1,1,1,1,0,0,0,0,0,0,0,0,8500.0,2,1.0,1.0,0.0,False,0,0,0,0,0.02,monte_carlo_run_759_seed_801.log
760,26,1,1,-1,-1,1,802,3101,0.095,1.22,False,Solitudine / Nessun Contatto,,,Nessuna,1,0,1,0.0,1,1,1,1,0,0,0,0,0,0,0,0,8500.0,2,1.0,1.0,0.0,False,0,0,0,0,0.02,monte_carlo_run_760_seed_802.log
761,26,1,1,-1,-1,1,803,3101,0.098,2.12,False,Solitudine / Nessun Contatto,,,Nessuna,3,0,3,0.0,3,3,3,3,0,0,0,0,0,0,0,0,8500.0,10,1.0,1.0,0.0,False,0,0,2,3,0.06,monte_carlo_run_761_seed_803.log
762,26,1,1,-1,-1,1,804,3101,0.119,2.84,False,Solitudine / Nessun Contatto,,,Nessuna,4,0,4,1.19,3,3,3,3,0,0,0,0,0,0,0,0,8500.0,10,1.004,1.004,0.0,False,0,0,3,3,40.06,monte_carlo_run_762_seed_804.log
763,26,1,1,-1,-1,1,805,3101,0.053,0.72,False,Solitudine / Nessun Contatto,,,Nessuna,2,0,2,0.0,2,2,2,2,0,0,0,0,0,0,0,0,8500.0,5,1.0,1.0,0.0,False,0,0,1,1,0.04,monte_carlo_run_763_seed_805.log
764,26,1,1,-1,-1,1,806,3101,0.138,1.8,False,Solitudine / Nessun Contatto,,,Nessuna,1,0,1,0.0,1,1,1,1,0,0,0,0,0,0,0,0,8500.0,2,1.0,1.0,0.0,False,0,0,0,0,0.02,monte_carlo_run_764_seed_806.log
765,26,1,1,-1,-1,1,807,3101,0.134,2.09,False,Solitudine / Nessun Contatto,,,Nessuna,1,0,1,0.0,1,1,1,1,0,0,0,0,0,0,0,0,8500.0,2,1.0,1.0,0.0,False,0,0,0,0,0.02,monte_carlo_run_765_seed_807.log
766,26,1,1,-1,-1,1,808,3101,0.119,2.26,False,Solitudine / Nessun Contatto,,,Nessuna,1,0,1,0.0,1,1,1,1,0,0,0,0,0,0,0,0,8500.0,2,1.0,1.0,0.0,False,0,0,0,0,0.02,monte_carlo_run_766_seed_808.log
767,26,1,1,-1,-1,1,809,3101,0.081,1.49,False,Solitudine / Nessun Contatto,,,Nessuna,2,0,2,0.0,2,2,2,2,0,0,0,0,0,0,0,0,8500.0,6,1.0,1.0,0.0,False,0,0,0,1,0.04,monte_carlo_run_767_seed_809.log
768,26,1,1,-1,-1,1,810,3101,0.079,1.47,False,Solitudine / Nessun Contatto,,,Nessuna,3,0,3,0.0,2,2,2,2,0,0,0,0,0,0,0,0,8500.0,5,1.0,1.0,0.0,False,0,0,0,1,25.43,monte_carlo_run_768_seed_810.log
769,26,1,1,-1,-1,1,811,3101,0.101,1.98,False,Solitudine / Nessun Contatto,,,Nessuna,1,0,1,0.0,1,1,1,1,0,0,0,0,0,0,0,0,8500.0,2,1.0,1.0,0.0,False,0,0,0,0,0.02,monte_carlo_run_769_seed_811.log
770,26,1,1,-1,-1,1,812,3101,0.068,1.25,False,Solitudine / Nessun Contatto,,,Nessuna,2,0,2,0.0,2,2,2,2,0,0,0,0,0,0,0,0,8500.0,6,1.0,1.0,0.0,False,0,0,0,1,0.04,monte_carlo_run_770_seed_812.log
771,26,1,1,-1,-1,1,813,3101,0.145,3.54,False,Solitudine / Nessun Contatto,,,Nessuna,3,0,3,4.57,1,1,1,1,0,0,0,0,0,0,0,0,8500.0,2,1.002,1.002,0.0,False,1,0,0,0,155.15,monte_carlo_run_771_seed_813.log
772,26,1,1,-1,-1,1,814,3101,0.062,1.34,False,Solitudine / Nessun Contatto,,,Nessuna,3,0,3,1.34,2,2,2,2,0,0,0,0,0,0,0,0,8500.0,6,1.0,1.0,0.0,False,0,0,0,1,100.52,monte_carlo_run_772_seed_814.log
773,26,1,1,-1,-1,1,815,3101,0.062,0.97,False,Solitudine / Nessun Contatto,,,Nessuna,3,0,3,0.0,3,3,3,3,0,0,0,0,0,0,0,0,8500.0,10,1.0,1.0,0.0,False,0,0,0,2,0.06,monte_carlo_run_773_seed_815.log
774,26,1,1,-1,-1,1,816,3101,0.081,1.94,False,Solitudine / Nessun Contatto,,,Nessuna,1,0,1,0.0,1,1,1,1,0,0,0,0,0,0,0,0,8500.0,2,1.0,1.0,0.0,False,0,0,0,0,0.02,monte_carlo_run_774_seed_816.log
775,26,1,1,-1,-1,1,817,3101,0.129,2.12,False,Solitudine / Nessun Contatto,,,Nessuna,4,0,4,0.0,3,3,3,3,0,0,0,0,0,0,0,0,8500.0,10,1.001,1.001,0.0,False,0,0,2,3,16.2,monte_carlo_run_775_seed_817.log
776,26,1,1,-1,-1,1,818,3101,0.121,2.27,False,Solitudine / Nessun Contatto,,,Nessuna,10,0,10,3.68,3,3,3,3,0,0,0,0,0,0,0,0,8500.0,8,1.028,1.028,0.0,False,3,0,2,3,314.5,monte_carlo_run_776_seed_818.log
777,26,1,1,-1,-1,1,819,3101,0.098,1.34,False,Solitudine / Nessun Contatto,,,Nessuna,1,0,1,0.0,1,1,1,1,0,0,0,0,0,0,0,0,8500.0,2,1.0,1.0,0.0,False,0,0,0,0,0.02,monte_carlo_run_777_seed_819.log
778,26,1,1,-1,-1,1,820,3101,0.074,1.06,False,Solitudine / Nessun Contatto,,,Nessuna,2,0,2,0.0,2,2,2,2,0,0,0,0,0,0,0,0,8500.0,6,1.0,1.0,0.0,False,0,0,0,1,0.04,monte_carlo_run_778_seed_820.log
779,26,1,1,-1,-1,1,821,3101,0.107,1.65,False,Solitudine / Nessun Contatto,,,Nessuna,1,0,1,0.0,1,1,1,1,0,0,0,0,0,0,0,0,8500.0,2,1.0,1.0,0.0,False,0,0,0,0,0.02,monte_carlo_run_779_seed_821.log
780,26,1,1,-1,-1,1,822,3101,0.056,1.03,False,Solitudine / Nessun Contatto,,,Nessuna,1,0,1,0.0,1,1,1,1,0,0,0,0,0,0,0,0,8500.0,2,1.0,1.0,0.0,False,0,0,0,0,0.02,monte_carlo_run_780_seed_822.log
781,27,1,1,-1,1,-1,823,3101,0.061,1.36,False,Solitudine / Nessun Contatto,,,Nessuna,1,0,1,0.0,1,1,1,1,0,0,0,0,0,0,0,0,8500.0,2,1.0,1.0,0.0,False,0,0,0,0,0.02,monte_carlo_run_781_seed_823.log
782,27,1,1,-1,1,-1,824,3101,0.123,1.71,False,Solitudine / Nessun Contatto,,,Nessuna,1,0,1,0.0,1,1,1,1,0,0,0,0,0,0,0,0,8500.0,2,1.0,1.0,0.0,False,0,0,0,0,0.02,monte_carlo_run_782_seed_824.log
783,27,1,1,-1,1,-1,825,3101,0.103,1.41,False,Solitudine / Nessun Contatto,,,Nessuna,1,0,1,0.0,3,3,3,0,3,0,0,0,0,0,0,0,8500.0,1,0.985,0.985,0.0,False,0,0,0,3,0.02,monte_carlo_run_783_seed_825.log
784,27,1,1,-1,1,-1,826,3101,0.076,1.19,False,Solitudine / Nessun Contatto,,,Nessuna,1,0,1,0.0,1,1,1,1,0,0,0,0,0,0,0,0,8500.0,2,1.0,1.0,0.0,False,0,0,0,0,0.02,monte_carlo_run_784_seed_826.log
785,27,1,1,-1,1,-1,827,3101,0.069,0.84,False,Solitudine / Nessun Contatto,,,Nessuna,1,0,1,0.0,1,1,1,1,0,0,0,0,0,0,0,0,8500.0,2,1.0,1.0,0.0,False,0,0,0,0,0.02,monte_carlo_run_785_seed_827.log
786,27,1,1,-1,1,-1,828,3101,0.117,1.67,False,Solitudine / Nessun Contatto,,,Nessuna,1,0,1,0.0,1,1,1,1,0,0,0,0,0,0,0,0,8500.0,2,1.0,1.0,0.0,False,0,0,0,0,0.02,monte_carlo_run_786_seed_828.log
787,27,1,1,-1,1,-1,829,3101,0.072,1.59,False,Solitudine / Nessun Contatto,,,Nessuna,1,0,1,0.0,1,1,1,1,0,0,0,0,0,0,0,0,8500.0,2,1.0,1.0,0.0,False,0,0,0,0,0.02,monte_carlo_run_787_seed_829.log
788,27,1,1,-1,1,-1,830,3101,0.112,1.86,False,Solitudine / Nessun Contatto,,,Nessuna,1,0,1,0.0,2,2,2,1,1,0,0,0,0,0,0,0,8500.0,2,1.0,1.0,0.0,False,0,0,0,1,0.02,monte_carlo_run_788_seed_830.log
789,27,1,1,-1,1,-1,831,3101,0.075,1.44,False,Solitudine / Nessun Contatto,,,Nessuna,1,0,1,0.0,1,1,1,1,0,0,0,0,0,0,0,0,8500.0,2,1.0,1.0,0.0,False,0,0,0,0,0.02,monte_carlo_run_789_seed_831.log
790,27,1,1,-1,1,-1,832,3101,0.139,2.61,False,Solitudine / Nessun Contatto,,,Nessuna,1,0,1,0.0,2,2,2,1,1,0,0,0,0,0,0,0,8500.0,2,1.0,1.0,0.0,False,0,0,0,1,0.02,monte_carlo_run_790_seed_832.log
791,27,1,1,-1,1,-1,833,3101,0.113,2.15,False,Solitudine / Nessun Contatto,,,Nessuna,1,0,1,0.0,1,1,1,1,0,0,0,0,0,0,0,0,8500.0,2,1.0,1.0,0.0,False,0,0,0,0,0.02,monte_carlo_run_791_seed_833.log
792,27,1,1,-1,1,-1,834,3101,0.073,1.18,False,Solitudine / Nessun Contatto,,,Nessuna,1,0,1,0.0,1,1,1,1,0,0,0,0,0,0,0,0,8500.0,2,1.0,1.0,0.0,False,0,0,0,0,0.02,monte_carlo_run_792_seed_834.log
793,27,1,1,-1,1,-1,835,3101,0.101,2.0,False,Solitudine / Nessun Contatto,,,Nessuna,1,0,1,0.0,3,3,3,0,3,0,0,0,0,0,0,0,8500.0,1,0.97,0.97,0.0,False,0,0,0,2,0.02,monte_carlo_run_793_seed_835.log
794,27,1,1,-1,1,-1,836,3101,0.066,1.55,False,Solitudine / Nessun Contatto,,,Nessuna,1,0,1,0.0,1,1,1,1,0,0,0,0,0,0,0,0,8500.0,2,1.0,1.0,0.0,False,0,0,0,0,0.02,monte_carlo_run_794_seed_836.log
795,27,1,1,-1,1,-1,837,3101,0.073,1.68,False,Solitudine / Nessun Contatto,,,Nessuna,1,0,1,0.0,1,1,1,1,0,0,0,0,0,0,0,0,8500.0,2,1.0,1.0,0.0,False,0,0,0,0,0.02,monte_carlo_run_795_seed_837.log
796,27,1,1,-1,1,-1,838,3101,0.133,2.14,False,Solitudine / Nessun Contatto,,,Nessuna,1,0,1,0.0,1,1,1,1,0,0,0,0,0,0,0,0,8500.0,2,1.0,1.0,0.0,False,0,0,0,0,0.02,monte_carlo_run_796_seed_838.log
797,27,1,1,-1,1,-1,839,3101,0.087,1.15,False,Solitudine / Nessun Contatto,,,Nessuna,1,0,1,0.0,1,1,1,1,0,0,0,0,0,0,0,0,8500.0,2,1.0,1.0,0.0,False,0,0,0,0,0.02,monte_carlo_run_797_seed_839.log
798,27,1,1,-1,1,-1,840,3101,0.107,1.45,False,Solitudine / Nessun Contatto,,,Nessuna,1,0,1,0.0,2,2,2,1,1,0,0,0,0,0,0,0,8500.0,2,1.0,1.0,0.0,False,0,0,0,1,0.02,monte_carlo_run_798_seed_840.log
799,27,1,1,-1,1,-1,841,3101,0.144,3.36,False,Solitudine / Nessun Contatto,,,Nessuna,3,0,3,2.9,3,3,1,1,0,2,2,2,0,0,0,0,8500.62,2,1.0,0.854,-0.1465,False,0,0,0,0,135.77,monte_carlo_run_799_seed_841.log
800,27,1,1,-1,1,-1,842,3101,0.149,2.82,False,Solitudine / Nessun Contatto,,,Nessuna,3,0,3,2.55,3,2,2,1,1,0,0,0,0,0,0,0,8500.0,2,1.012,1.012,0.0,False,0,0,2,2,152.84,monte_carlo_run_800_seed_842.log
801,27,1,1,-1,1,-1,843,3101,0.123,2.04,False,Solitudine / Nessun Contatto,,,Nessuna,1,0,1,0.0,2,2,2,0,2,0,0,0,0,0,0,0,8500.0,1,0.985,0.985,0.0,False,0,0,0,1,0.02,monte_carlo_run_801_seed_843.log
802,27,1,1,-1,1,-1,844,3101,0.115,2.05,False,Solitudine / Nessun Contatto,,,Nessuna,1,0,1,0.0,3,3,3,1,2,0,0,0,0,0,0,0,8500.0,2,1.001,1.001,0.0,False,0,0,3,3,0.02,monte_carlo_run_802_seed_844.log
803,27,1,1,-1,1,-1,845,3101,0.072,1.48,False,Solitudine / Nessun Contatto,,,Nessuna,1,0,1,0.0,1,1,1,1,0,0,0,0,0,0,0,0,8500.0,2,1.0,1.0,0.0,False,0,0,0,0,0.02,monte_carlo_run_803_seed_845.log
804,27,1,1,-1,1,-1,846,3101,0.095,1.52,False,Solitudine / Nessun Contatto,,,Nessuna,1,0,1,0.0,1,1,1,1,0,0,0,0,0,0,0,0,8500.0,2,1.0,1.0,0.0,False,0,0,0,0,0.02,monte_carlo_run_804_seed_846.log
805,27,1,1,-1,1,-1,847,3101,0.122,2.9,False,Solitudine / Nessun Contatto,,,Nessuna,6,0,6,4.59,1,1,1,1,0,0,0,0,0,0,0,0,8500.0,2,1.019,1.019,0.0,False,4,0,0,0,514.07,monte_carlo_run_805_seed_847.log
806,27,1,1,-1,1,-1,848,3101,0.069,1.66,False,Solitudine / Nessun Contatto,,,Nessuna,1,0,1,0.0,3,3,3,1,2,0,0,0,0,0,0,0,8500.0,2,1.0,1.0,0.0,False,0,0,1,2,0.02,monte_carlo_run_806_seed_848.log
807,27,1,1,-1,1,-1,849,3101,0.087,1.08,False,Solitudine / Nessun Contatto,,,Nessuna,1,0,1,0.0,1,1,1,1,0,0,0,0,0,0,0,0,8500.0,2,1.0,1.0,0.0,False,0,0,0,0,0.02,monte_carlo_run_807_seed_849.log
808,27,1,1,-1,1,-1,850,3101,0.138,2.7,False,Solitudine / Nessun Contatto,,,Nessuna,2,0,2,1.93,3,2,2,0,2,0,0,0,0,0,0,0,8500.0,1,0.975,0.975,0.0,False,0,0,1,3,55.97,monte_carlo_run_808_seed_850.log
809,27,1,1,-1,1,-1,851,3101,0.102,1.46,False,Solitudine / Nessun Contatto,,,Nessuna,2,0,2,1.25,3,2,2,1,1,0,0,0,0,0,0,0,8500.0,2,1.003,1.003,0.0,False,0,0,1,3,48.88,monte_carlo_run_809_seed_851.log
810,27,1,1,-1,1,-1,852,3101,0.124,1.75,False,Solitudine / Nessun Contatto,,,Nessuna,1,0,1,0.0,2,2,2,1,1,0,0,0,0,0,0,0,8500.0,2,1.0,1.0,0.0,False,0,0,0,1,0.02,monte_carlo_run_810_seed_852.log
811,28,1,1,-1,1,1,853,3101,0.114,1.94,False,Solitudine / Nessun Contatto,,,Nessuna,2,0,2,0.0,2,2,2,2,0,0,0,0,0,0,0,0,8500.0,5,1.0,1.0,0.0,False,0,0,1,1,0.04,monte_carlo_run_811_seed_853.log
812,28,1,1,-1,1,1,854,3101,0.113,1.74,False,Solitudine / Nessun Contatto,,,Nessuna,1,0,1,0.0,1,1,1,1,0,0,0,0,0,0,0,0,8500.0,2,1.0,1.0,0.0,False,0,0,0,0,0.02,monte_carlo_run_812_seed_854.log
813,28,1,1,-1,1,1,855,3101,0.119,2.87,False,Solitudine / Nessun Contatto,,,Nessuna,7,0,7,5.11,1,1,1,1,0,0,0,0,0,0,0,0,8500.0,2,1.013,1.013,0.0,False,4,0,0,0,356.88,monte_carlo_run_813_seed_855.log
814,28,1,1,-1,1,1,856,3101,0.084,1.76,False,Solitudine / Nessun Contatto,,,Nessuna,2,0,2,1.18,1,1,1,1,0,0,0,0,0,0,0,0,8500.0,2,1.0,1.0,0.0,False,0,0,0,0,87.88,monte_carlo_run_814_seed_856.log
815,28,1,1,-1,1,1,857,3101,0.055,0.66,False,Solitudine / Nessun Contatto,,,Nessuna,3,0,3,0.0,3,3,3,3,0,0,0,0,0,0,0,0,8500.0,10,1.0,1.0,0.0,False,0,0,1,2,0.06,monte_carlo_run_815_seed_857.log
816,28,1,1,-1,1,1,858,3101,0.15,3.06,False,Solitudine / Nessun Contatto,,,Nessuna,8,0,8,0.0,3,2,2,2,0,0,0,0,0,0,0,0,8500.0,9,1.022,1.022,0.0,False,3,0,3,3,383.05,monte_carlo_run_816_seed_858.log
817,28,1,1,-1,1,1,859,3101,0.085,1.82,False,Solitudine / Nessun Contatto,,,Nessuna,1,0,1,0.0,1,1,1,1,0,0,0,0,0,0,0,0,8500.0,2,1.0,1.0,0.0,False,0,0,0,0,0.02,monte_carlo_run_817_seed_859.log
818,28,1,1,-1,1,1,860,3101,0.121,2.3,False,Solitudine / Nessun Contatto,,,Nessuna,1,0,1,0.0,1,1,1,1,0,0,0,0,0,0,0,0,8500.0,2,1.0,1.0,0.0,False,0,0,0,0,0.02,monte_carlo_run_818_seed_860.log
819,28,1,1,-1,1,1,861,3101,0.114,1.53,False,Solitudine / Nessun Contatto,,,Nessuna,1,0,1,0.0,1,1,1,1,0,0,0,0,0,0,0,0,8500.0,2,1.0,1.0,0.0,False,0,0,0,0,0.02,monte_carlo_run_819_seed_861.log
820,28,1,1,-1,1,1,862,3101,0.119,2.34,False,Solitudine / Nessun Contatto,,,Nessuna,1,0,1,0.0,1,1,1,1,0,0,0,0,0,0,0,0,8500.0,2,1.0,1.0,0.0,False,0,0,0,0,0.02,monte_carlo_run_820_seed_862.log
821,28,1,1,-1,1,1,863,3101,0.055,0.82,False,Solitudine / Nessun Contatto,,,Nessuna,2,0,2,0.0,2,2,2,2,0,0,0,0,0,0,0,0,8500.0,6,1.0,1.0,0.0,False,0,0,1,1,0.04,monte_carlo_run_821_seed_863.log
822,28,1,1,-1,1,1,864,3101,0.09,1.88,False,Solitudine / Nessun Contatto,,,Nessuna,2,0,2,0.0,2,2,2,2,0,0,0,0,0,0,0,0,8500.0,5,1.0,1.0,0.0,False,0,0,1,1,0.04,monte_carlo_run_822_seed_864.log
823,28,1,1,-1,1,1,865,3101,0.094,1.84,False,Solitudine / Nessun Contatto,,,Nessuna,1,0,1,0.0,1,1,1,1,0,0,0,0,0,0,0,0,8500.0,2,1.0,1.0,0.0,False,0,0,0,0,0.02,monte_carlo_run_823_seed_865.log
824,28,1,1,-1,1,1,866,3101,0.115,2.3,False,Solitudine / Nessun Contatto,,,Nessuna,6,0,6,3.03,2,2,2,2,0,0,0,0,0,0,0,0,8500.0,5,1.002,1.002,0.0,False,1,0,0,1,179.51,monte_carlo_run_824_seed_866.log
825,28,1,1,-1,1,1,867,3101,0.07,1.63,False,Solitudine / Nessun Contatto,,,Nessuna,2,0,2,0.0,2,2,2,2,0,0,0,0,0,0,0,0,8500.0,6,1.0,1.0,0.0,False,0,0,1,1,0.04,monte_carlo_run_825_seed_867.log
826,28,1,1,-1,1,1,868,3101,0.112,2.75,False,Solitudine / Nessun Contatto,,,Nessuna,2,0,2,1.83,1,1,1,1,0,0,0,0,0,0,0,0,8500.0,2,1.0,1.0,0.0,False,0,0,0,0,114.35,monte_carlo_run_826_seed_868.log
827,28,1,1,-1,1,1,869,3101,0.105,2.08,False,Solitudine / Nessun Contatto,,,Nessuna,1,0,1,0.0,1,1,1,1,0,0,0,0,0,0,0,0,8500.0,2,1.0,1.0,0.0,False,0,0,0,0,0.02,monte_carlo_run_827_seed_869.log
828,28,1,1,-1,1,1,870,3101,0.121,2.24,False,Solitudine / Nessun Contatto,,,Nessuna,3,0,3,3.18,1,1,1,1,0,0,0,0,0,0,0,0,8500.0,2,1.002,1.002,0.0,False,1,0,0,0,153.87,monte_carlo_run_828_seed_870.log
829,28,1,1,-1,1,1,871,3101,0.059,1.44,False,Solitudine / Nessun Contatto,,,Nessuna,1,0,1,0.0,1,1,1,1,0,0,0,0,0,0,0,0,8500.0,2,1.0,1.0,0.0,False,0,0,0,0,0.02,monte_carlo_run_829_seed_871.log
830,28,1,1,-1,1,1,872,3101,0.123,1.67,False,Solitudine / Nessun Contatto,,,Nessuna,2,0,2,0.0,2,2,2,2,0,0,0,0,0,0,0,0,8500.0,6,1.0,1.0,0.0,False,0,0,0,1,0.04,monte_carlo_run_830_seed_872.log
831,28,1,1,-1,1,1,873,3101,0.096,1.32,False,Solitudine / Nessun Contatto,,,Nessuna,2,0,2,0.0,2,2,2,2,0,0,0,0,0,0,0,0,8500.0,5,1.0,1.0,0.0,False,0,0,1,1,0.04,monte_carlo_run_831_seed_873.log
832,28,1,1,-1,1,1,874,3101,0.12,2.59,False,Solitudine / Nessun Contatto,,,Nessuna,1,0,1,0.0,1,1,1,1,0,0,0,0,0,0,0,0,8500.0,2,1.0,1.0,0.0,False,0,0,0,0,0.02,monte_carlo_run_832_seed_874.log
833,28,1,1,-1,1,1,875,3101,0.068,1.28,False,Solitudine / Nessun Contatto,,,Nessuna,1,0,1,0.0,1,1,1,1,0,0,0,0,0,0,0,0,8500.0,2,1.0,1.0,0.0,False,0,0,0,0,0.02,monte_carlo_run_833_seed_875.log
834,28,1,1,-1,1,1,876,3101,0.115,1.47,False,Solitudine / Nessun Contatto,,,Nessuna,1,0,1,0.0,1,1,1,1,0,0,0,0,0,0,0,0,8500.0,2,1.0,1.0,0.0,False,0,0,0,0,0.02,monte_carlo_run_834_seed_876.log
835,28,1,1,-1,1,1,877,3101,0.073,1.12,False,Solitudine / Nessun Contatto,,,Nessuna,2,0,2,0.82,1,1,1,1,0,0,0,0,0,0,0,0,8500.0,2,1.0,1.0,0.0,False,0,0,0,0,44.75,monte_carlo_run_835_seed_877.log
836,28,1,1,-1,1,1,878,3101,0.084,2.0,False,Solitudine / Nessun Contatto,,,Nessuna,3,0,3,0.0,3,3,3,3,0,0,0,0,0,0,0,0,8500.0,8,1.0,1.0,0.0,False,0,0,1,2,0.06,monte_carlo_run_836_seed_878.log
837,28,1,1,-1,1,1,879,3101,0.128,2.59,False,Solitudine / Nessun Contatto,,,Nessuna,1,0,1,0.0,1,1,1,1,0,0,0,0,0,0,0,0,8500.0,2,1.0,1.0,0.0,False,0,0,0,0,0.02,monte_carlo_run_837_seed_879.log
838,28,1,1,-1,1,1,880,3101,0.081,1.37,False,Solitudine / Nessun Contatto,,,Nessuna,1,0,1,0.0,1,1,1,1,0,0,0,0,0,0,0,0,8500.0,2,1.0,1.0,0.0,False,0,0,0,0,0.02,monte_carlo_run_838_seed_880.log
839,28,1,1,-1,1,1,881,3101,0.093,1.95,False,Solitudine / Nessun Contatto,,,Nessuna,5,0,5,1.45,2,2,2,2,0,0,0,0,0,0,0,0,8500.0,5,1.004,1.004,0.0,False,2,0,0,1,163.48,monte_carlo_run_839_seed_881.log
840,28,1,1,-1,1,1,882,3101,0.14,2.54,False,Solitudine / Nessun Contatto,,,Nessuna,3,0,3,0.0,2,2,2,2,0,0,0,0,0,0,0,0,8500.0,5,1.0,1.0,0.0,False,0,0,0,1,121.2,monte_carlo_run_840_seed_882.log
841,29,1,1,1,-1,-1,883,3101,0.314,5.77,True,Contatto Planetario / Biofirme,1346.18,24.41,Diffidente,48,1,215,26.99,36,27,2,1,1,32,10,10,0,7,7,0,8541.06,59,1.6,1.6,0.0,False,181,0,48,111,6700.74,monte_carlo_run_841_seed_883.log
842,29,1,1,1,-1,-1,884,3101,0.375,8.74,True,Incontro Flotta Deep-Space,756.78,16.09,Neutrale,26,1,171,22.61,33,23,2,1,0,26,14,14,0,9,5,3,8563.15,52,1.349,1.6,0.2508,True,135,0,48,68,3692.62,monte_carlo_run_842_seed_884.log
843,29,1,1,1,-1,-1,885,3101,0.261,4.14,False,Solitudine / Nessun Contatto,,,Nessuna,11,1,11,10.39,3,2,1,1,0,1,1,1,0,0,0,0,8500.98,2,1.062,0.877,-0.1854,False,8,0,0,0,737.07,monte_carlo_run_843_seed_885.log
844,29,1,1,1,-1,-1,886,3101,0.537,11.13,True,Contatto Planetario / Biofirme,8.33,4.48,Cauta,2,0,1481,23.37,250,185,16,4,7,225,12,12,0,8,7,1,8554.24,591,1.6,1.6,0.0,False,1226,0,1018,1724,9343.03,monte_carlo_run_844_seed_886.log
845,29,1,1,1,-1,-1,887,3101,0.528,12.72,True,Incontro Flotta Deep-Space,633.88,19.62,Neutrale,63,2,692,24.63,91,66,6,2,4,77,29,29,0,20,17,2,8626.04,157,1.454,1.6,0.1463,True,597,0,173,305,6308.38,monte_carlo_run_845_seed_887.log
846,29,1,1,1,-1,-1,888,3101,0.595,8.92,True,Contatto Planetario / Biofirme,68.43,20.42,Ostile,7,0,384,35.04,80,68,8,2,4,72,19,19,0,15,11,3,8596.47,149,1.6,1.6,0.0,False,302,0,147,314,5159.49,monte_carlo_run_846_seed_888.log
847,29,1,1,1,-1,-1,889,3101,0.289,5.01,True,Incontro Flotta Deep-Space,1582.01,10.89,Collaborativa,161,3,1051,30.11,165,126,9,3,3,152,20,20,0,15,9,6,8593.44,321,1.548,1.6,0.0519,True,869,0,482,751,10000.65,monte_carlo_run_847_seed_889.log
848,29,1,1,1,-1,-1,890,3101,0.227,5.25,True,Incontro Flotta Deep-Space,1591.04,15.21,Collaborativa,57,0,545,20.49,85,61,9,2,6,73,5,5,0,3,3,0,8523.29,161,1.417,1.6,0.1834,True,454,0,215,345,10000.55,monte_carlo_run_848_seed_890.log
849,29,1,1,1,-1,-1,891,3101,0.268,4.68,True,Incontro Flotta Deep-Space,1002.5,10.61,Ostile,48,0,228,23.97,32,21,4,1,1,27,6,6,0,4,4,0,8523.31,61,1.6,1.6,0.0,False,193,0,50,72,7642.13,monte_carlo_run_849_seed_891.log
850,29,1,1,1,-1,-1,892,3101,0.399,6.3,True,Contatto Planetario / Biofirme,342.53,12.0,Ostile,15,0,429,26.0,70,54,8,2,6,57,23,23,0,18,14,4,8625.93,119,1.575,1.6,0.0253,True,356,0,204,311,5556.6,monte_carlo_run_850_seed_892.log
851,29,1,1,1,-1,-1,893,3101,0.434,7.2,True,Incontro Flotta Deep-Space,616.22,9.1,Collaborativa,41,0,423,20.43,73,51,5,1,4,63,11,11,0,9,7,2,8563.75,150,1.137,1.6,0.4632,True,350,0,240,346,5570.34,monte_carlo_run_851_seed_893.log
852,29,1,1,1,-1,-1,894,3101,0.311,6.69,True,Incontro Flotta Deep-Space,502.67,4.26,Diffidente,15,0,961,32.57,157,126,18,5,10,132,32,32,0,25,21,3,8650.52,335,1.6,1.6,0.0,False,800,0,482,788,10002.11,monte_carlo_run_852_seed_894.log
853,29,1,1,1,-1,-1,895,3101,0.556,8.43,True,Contatto Planetario / Biofirme,30.33,7.75,Predatoria,3,1,640,20.24,97,72,12,2,9,82,21,21,0,14,5,8,8593.52,178,1.6,1.6,0.0,False,541,0,211,337,6696.28,monte_carlo_run_853_seed_895.log
854,29,1,1,1,-1,-1,896,3101,0.455,9.07,True,Contatto Planetario / Biofirme,12.27,5.58,Diffidente,2,0,1283,30.03,212,158,11,3,7,191,20,20,0,13,8,5,8577.07,457,1.544,1.6,0.0562,True,1066,0,644,1060,7796.77,monte_carlo_run_854_seed_896.log
855,29,1,1,1,-1,-1,897,3101,0.388,6.24,True,Contatto Planetario / Biofirme,20.0,6.8,Diffidente,3,1,843,14.99,136,94,8,1,5,115,9,9,0,6,3,3,8560.35,284,1.444,1.6,0.1562,True,705,0,406,629,10005.8,monte_carlo_run_855_seed_897.log
856,29,1,1,1,-1,-1,898,3101,0.243,6.0,True,Incontro Flotta Deep-Space,402.3,0.0,Diffidente,11,0,459,29.97,78,57,7,2,5,66,38,38,0,26,16,10,8709.98,135,1.404,1.6,0.1957,True,379,0,227,286,10002.17,monte_carlo_run_856_seed_898.log
857,29,1,1,1,-1,-1,899,3101,0.544,6.63,True,Incontro Flotta Deep-Space,547.86,11.88,Collaborativa,49,0,414,27.3,63,47,6,2,4,56,14,14,0,11,10,1,8579.36,134,1.584,1.6,0.0156,True,349,0,145,256,10007.56,monte_carlo_run_857_seed_899.log
858,29,1,1,1,-1,-1,900,3101,0.553,11.59,True,Contatto Planetario / Biofirme,5.97,3.3,Diffidente,2,1,800,28.59,123,91,8,1,5,111,17,17,0,10,9,1,8577.29,274,1.6,1.6,0.0,False,672,0,405,703,9220.49,monte_carlo_run_858_seed_900.log
859,29,1,1,1,-1,-1,901,3101,0.314,6.57,True,Incontro Flotta Deep-Space,1216.38,14.02,Diffidente,51,1,1092,31.62,163,125,10,1,9,148,39,39,0,27,18,7,8659.7,347,1.6,1.6,0.0,False,925,0,401,743,10000.51,monte_carlo_run_859_seed_901.log
860,29,1,1,1,-1,-1,902,3101,0.246,5.96,True,Contatto Planetario / Biofirme,128.94,8.09,Cauta,7,0,251,36.68,41,28,4,2,2,36,29,29,0,13,5,6,8581.36,52,1.508,1.6,0.0921,True,210,0,35,53,5079.59,monte_carlo_run_860_seed_902.log
861,29,1,1,1,-1,-1,903,3101,0.437,8.62,True,Contatto Planetario / Biofirme,55.59,16.57,Collaborativa,4,0,1035,35.97,155,113,13,3,8,138,22,22,0,11,6,3,8576.98,298,1.6,1.6,0.0,False,877,0,380,616,10009.16,monte_carlo_run_861_seed_903.log
862,29,1,1,1,-1,-1,904,3101,0.516,11.85,True,Contatto Planetario / Biofirme,268.86,32.55,Cauta,20,0,1255,32.55,191,141,16,4,9,169,20,20,0,13,8,4,8590.02,425,1.6,1.6,0.0,False,1059,0,637,1103,8221.49,monte_carlo_run_862_seed_904.log
863,29,1,1,1,-1,-1,905,3101,0.481,7.69,True,Incontro Flotta Deep-Space,424.07,5.39,Neutrale,16,0,1150,16.62,185,134,5,1,4,172,12,12,0,10,10,0,8563.16,417,1.371,1.6,0.2293,True,961,0,662,1133,10003.56,monte_carlo_run_863_seed_905.log
864,29,1,1,1,-1,-1,906,3101,0.339,8.2,True,Contatto Planetario / Biofirme,172.16,11.13,Cauta,6,1,1057,28.54,173,128,15,4,8,152,18,18,0,12,11,1,8575.82,381,1.334,1.6,0.2664,True,876,0,561,951,7773.18,monte_carlo_run_864_seed_906.log
865,29,1,1,1,-1,-1,907,3101,0.402,8.34,True,Incontro Flotta Deep-Space,422.71,0.0,Collaborativa,15,1,430,22.35,90,60,10,2,6,75,16,16,0,11,9,1,8566.62,165,1.56,1.6,0.0398,True,338,0,275,463,4947.63,monte_carlo_run_865_seed_907.log
866,29,1,1,1,-1,-1,908,3101,0.578,8.05,True,Contatto Planetario / Biofirme,152.3,9.84,Ostile,10,3,851,32.45,130,101,6,1,3,120,36,36,0,20,18,2,8636.75,242,1.524,1.6,0.0761,True,721,0,260,501,8278.99,monte_carlo_run_866_seed_908.log
867,29,1,1,1,-1,-1,909,3101,0.52,8.39,False,Solitudine / Nessun Contatto,,,Nessuna,5,0,5,7.0,7,7,3,1,2,4,4,4,0,0,0,0,8502.2,2,1.017,0.958,-0.0589,False,0,0,2,2,185.27,monte_carlo_run_867_seed_909.log
868,29,1,1,1,-1,-1,910,3101,0.497,10.48,True,Incontro Flotta Deep-Space,1236.01,8.96,Biosfera Primitiva,76,0,1007,30.13,166,118,13,2,10,148,22,22,0,14,13,0,8598.3,358,1.6,1.6,0.0,False,839,0,440,779,10006.28,monte_carlo_run_868_seed_910.log
869,29,1,1,1,-1,-1,911,3101,0.413,7.7,True,Contatto Planetario / Biofirme,381.89,11.1,Diffidente,17,0,644,13.28,114,76,8,1,6,99,7,7,0,5,4,1,8530.32,236,1.6,1.6,0.0,False,525,0,212,438,10000.19,monte_carlo_run_869_seed_911.log
870,29,1,1,1,-1,-1,912,3101,0.43,6.46,True,Incontro Flotta Deep-Space,437.57,0.0,Collaborativa,22,0,531,27.16,89,60,6,2,3,80,16,16,0,13,9,3,8584.31,169,1.218,1.6,0.3815,True,441,0,164,317,7609.37,monte_carlo_run_870_seed_912.log
871,30,1,1,1,-1,1,913,3101,0.311,7.11,True,Incontro Flotta Deep-Space,406.46,6.28,Ostile,32,0,357,26.4,49,34,3,1,1,42,2,2,0,2,0,2,8509.85,121,1.6,1.6,0.0,False,307,0,133,210,7116.02,monte_carlo_run_871_seed_913.log
872,30,1,1,1,-1,1,914,3101,0.228,4.61,True,Incontro Flotta Deep-Space,2377.82,34.73,Collaborativa,195,0,448,49.3,54,44,6,2,4,46,9,9,0,4,3,1,8527.23,121,1.403,1.6,0.1975,True,370,0,137,217,9759.72,monte_carlo_run_872_seed_914.log
873,30,1,1,1,-1,1,915,3101,0.507,8.22,True,Incontro Flotta Deep-Space,169.37,11.47,Predatoria,20,0,1294,22.93,223,152,17,3,11,199,18,18,0,13,11,2,8591.26,460,1.296,1.6,0.3037,True,1062,0,801,1321,10008.55,monte_carlo_run_873_seed_915.log
874,30,1,1,1,-1,1,916,3101,0.433,9.36,False,Solitudine / Nessun Contatto,,,Nessuna,10,0,10,15.19,9,6,1,1,0,8,8,8,0,0,0,0,8505.39,2,1.001,0.996,-0.0049,False,0,0,0,0,261.42,monte_carlo_run_874_seed_916.log
875,30,1,1,1,-1,1,917,3101,0.531,7.83,True,Incontro Flotta Deep-Space,1108.63,8.97,Neutrale,82,1,841,27.67,149,112,16,2,12,128,27,27,0,17,12,3,8603.86,292,1.6,1.6,0.0,False,690,0,370,675,9699.47,monte_carlo_run_875_seed_917.log
876,30,1,1,1,-1,1,918,3101,0.227,3.3,False,Solitudine / Nessun Contatto,,,Nessuna,24,0,24,9.64,5,5,3,3,0,2,0,0,0,0,0,0,8500.0,8,1.135,1.135,0.0,False,17,0,3,3,843.94,monte_carlo_run_876_seed_918.log
877,30,1,1,1,-1,1,919,3101,0.419,9.3,True,Contatto Planetario / Biofirme,44.77,8.37,Diffidente,6,0,210,20.96,38,29,6,1,4,28,6,6,0,4,3,0,8522.53,67,1.433,1.6,0.1674,True,168,0,56,90,3692.68,monte_carlo_run_877_seed_919.log
878,30,1,1,1,-1,1,920,3101,0.461,9.71,True,Contatto Planetario / Biofirme,40.28,8.11,Collaborativa,5,0,600,24.55,116,90,16,3,11,98,18,18,0,15,11,4,8605.91,255,1.394,1.6,0.2063,True,480,0,298,519,10000.38,monte_carlo_run_878_seed_920.log
879,30,1,1,1,-1,1,921,3101,0.253,5.23,True,Incontro Flotta Deep-Space,454.02,2.91,Ostile,30,0,253,17.77,34,24,3,1,2,29,2,2,0,2,2,0,8508.37,77,1.233,0.49,-0.7433,False,219,0,70,137,3220.38,monte_carlo_run_879_seed_921.log
880,30,1,1,1,-1,1,922,3101,0.566,7.72,True,Contatto Planetario / Biofirme,33.18,8.93,Predatoria,10,0,1404,22.01,210,151,12,2,7,191,7,7,0,6,6,0,8532.94,523,1.6,1.6,0.0,False,1187,0,883,1411,8154.19,monte_carlo_run_880_seed_922.log
881,30,1,1,1,-1,1,923,3101,0.482,9.19,True,Incontro Flotta Deep-Space,398.41,5.12,Neutrale,16,0,1088,28.21,168,121,13,5,4,152,24,24,0,17,10,6,8614.33,374,1.438,1.6,0.1621,True,911,0,660,996,8264.09,monte_carlo_run_881_seed_923.log
882,30,1,1,1,-1,1,924,3101,0.45,6.56,True,Incontro Flotta Deep-Space,900.65,14.41,Ostile,46,1,947,26.48,167,119,12,2,5,149,20,20,0,12,9,2,8592.77,332,1.418,1.6,0.182,True,779,0,347,712,10001.32,monte_carlo_run_882_seed_924.log
883,30,1,1,1,-1,1,925,3101,0.431,6.06,True,Incontro Flotta Deep-Space,411.07,7.33,Diffidente,50,3,1043,33.98,145,108,9,3,5,128,27,27,0,19,12,7,8624.87,303,1.468,1.6,0.1319,True,895,0,324,671,7910.9,monte_carlo_run_883_seed_925.log
884,30,1,1,1,-1,1,926,3101,0.291,4.5,False,Solitudine / Nessun Contatto,,,Nessuna,213,0,213,19.17,27,23,2,1,1,25,3,3,0,2,2,0,8510.38,55,1.022,0.981,-0.0405,False,178,0,40,79,6023.22,monte_carlo_run_884_seed_926.log
885,30,1,1,1,-1,1,927,3101,0.573,12.63,True,Incontro Flotta Deep-Space,79.2,12.59,Ostile,12,0,873,14.11,158,116,16,9,6,130,4,4,0,3,3,0,8530.41,316,1.575,1.6,0.0251,True,712,0,416,772,8441.19,monte_carlo_run_885_seed_927.log
886,30,1,1,1,-1,1,928,3101,0.467,8.95,True,Contatto Planetario / Biofirme,85.96,11.7,Collaborativa,6,0,11,14.87,9,7,2,1,1,7,7,7,0,0,0,0,8511.91,2,1.004,0.97,-0.0341,False,2,0,0,0,300.12,monte_carlo_run_886_seed_928.log
887,30,1,1,1,-1,1,929,3101,0.595,7.14,True,Incontro Flotta Deep-Space,191.47,9.87,Ostile,30,0,793,17.75,126,96,6,2,2,112,3,3,0,2,2,0,8515.9,291,1.275,0.904,-0.371,False,660,0,357,657,8423.83,monte_carlo_run_887_seed_929.log
888,30,1,1,1,-1,1,930,3101,0.548,7.9,True,Incontro Flotta Deep-Space,314.28,0.0,Cauta,28,0,927,21.79,145,101,11,2,9,129,20,20,0,14,12,2,8602.2,308,1.585,1.6,0.015,True,782,0,412,706,8595.05,monte_carlo_run_888_seed_930.log
889,30,1,1,1,-1,1,931,3101,0.507,7.78,True,Incontro Flotta Deep-Space,0.02,6.18,Cauta,2,0,441,32.94,80,56,11,3,7,65,23,23,0,17,13,3,8610.48,134,1.511,1.6,0.0887,True,359,0,118,260,5900.92,monte_carlo_run_889_seed_931.log
890,30,1,1,1,-1,1,932,3101,0.4,7.61,True,Incontro Flotta Deep-Space,404.48,6.26,Diffidente,23,3,1217,44.25,204,145,19,2,11,175,29,29,0,20,16,3,8655.69,409,1.6,1.6,0.0,False,1010,0,524,931,10000.7,monte_carlo_run_890_seed_932.log
891,30,1,1,1,-1,1,933,3101,0.323,4.77,True,Incontro Flotta Deep-Space,181.55,7.58,Diffidente,29,0,230,25.86,30,21,3,1,1,25,7,7,0,6,5,0,8550.67,70,1.6,1.6,0.0,False,193,0,63,110,4859.13,monte_carlo_run_891_seed_933.log
892,30,1,1,1,-1,1,934,3101,0.575,14.06,True,Contatto Planetario / Biofirme,11.66,6.71,Cauta,4,0,1294,15.68,210,140,17,4,10,183,3,3,0,1,1,0,8505.47,459,1.563,1.6,0.0369,True,1080,0,637,1125,8790.6,monte_carlo_run_892_seed_934.log
893,30,1,1,1,-1,1,935,3101,0.362,8.39,True,Contatto Planetario / Biofirme,262.56,13.68,Ostile,11,0,795,15.67,137,106,9,1,7,124,7,7,0,6,5,1,8541.31,314,1.52,1.6,0.0799,True,655,0,452,751,8053.34,monte_carlo_run_893_seed_935.log
894,30,1,1,1,-1,1,936,3101,0.333,6.84,True,Contatto Planetario / Biofirme,43.13,4.89,Cauta,3,0,140,13.55,22,20,4,2,1,18,8,8,0,5,4,1,8529.49,45,1.6,1.6,0.0,False,117,0,34,52,4279.82,monte_carlo_run_894_seed_936.log
895,30,1,1,1,-1,1,937,3101,0.328,7.44,True,Incontro Flotta Deep-Space,417.86,8.99,Ostile,34,0,567,16.46,102,75,10,3,6,89,7,7,0,5,3,2,8534.37,235,1.559,1.6,0.0407,True,462,0,357,554,10004.39,monte_carlo_run_895_seed_937.log
896,30,1,1,1,-1,1,938,3101,0.573,9.0,True,Contatto Planetario / Biofirme,69.43,12.36,Cauta,7,1,713,29.6,109,78,10,1,7,96,17,17,0,12,6,4,8578.66,229,1.534,1.6,0.066,True,600,0,337,471,8123.54,monte_carlo_run_896_seed_938.log
897,30,1,1,1,-1,1,939,3101,0.425,9.26,True,Contatto Planetario / Biofirme,62.39,8.12,Collaborativa,4,0,786,26.13,137,103,14,1,11,117,16,16,0,11,7,4,8585.97,281,1.6,1.6,0.0,False,650,0,458,667,6761.55,monte_carlo_run_897_seed_939.log
898,30,1,1,1,-1,1,940,3101,0.379,5.22,True,Incontro Flotta Deep-Space,402.8,1.66,Diffidente,32,1,429,38.21,65,43,4,1,3,55,22,22,0,15,10,4,8595.26,110,1.6,1.6,0.0,False,357,0,128,196,10002.75,monte_carlo_run_898_seed_940.log
899,30,1,1,1,-1,1,941,3101,0.325,5.64,True,Incontro Flotta Deep-Space,1123.45,7.39,Collaborativa,140,1,1073,30.05,159,114,8,1,7,143,24,24,0,14,11,2,8608.94,370,1.6,1.6,0.0,False,906,0,456,752,10002.03,monte_carlo_run_899_seed_941.log
900,30,1,1,1,-1,1,942,3101,0.45,9.98,True,Incontro Flotta Deep-Space,1189.16,2.9,Biosfera Primitiva,218,1,952,23.65,157,114,12,3,6,132,16,16,0,14,12,1,8594.54,356,1.271,1.6,0.3287,True,794,0,515,876,6744.53,monte_carlo_run_900_seed_942.log
901,31,1,1,1,1,-1,943,3101,0.419,6.88,True,Incontro Flotta Deep-Space,568.59,7.53,Diffidente,28,1,720,34.71,41,29,4,1,3,36,9,9,0,5,5,0,8533.61,82,1.6,1.6,0.0,False,678,0,50,92,10000.04,monte_carlo_run_901_seed_943.log
902,31,1,1,1,1,-1,944,3101,0.396,8.77,True,Contatto Planetario / Biofirme,411.47,12.41,Predatoria,20,0,321,33.68,20,18,3,1,1,16,15,15,0,11,8,3,8559.6,31,1.6,1.557,-0.0427,False,301,0,19,35,10003.23,monte_carlo_run_902_seed_944.log
903,31,1,1,1,1,-1,945,3101,0.596,14.0,True,Incontro Flotta Deep-Space,3069.64,17.32,Biosfera Primitiva,354,0,517,33.16,25,19,1,1,0,22,10,10,0,4,3,0,8527.4,42,1.6,1.6,0.0,False,492,0,12,30,7343.88,monte_carlo_run_903_seed_945.log
904,31,1,1,1,1,-1,946,3101,0.329,4.5,False,Solitudine / Nessun Contatto,,,Nessuna,2,0,2,4.01,3,3,3,0,3,0,0,0,0,0,0,0,8500.0,1,0.959,0.959,0.0,False,0,0,0,3,48.73,monte_carlo_run_904_seed_946.log
905,31,1,1,1,1,-1,947,3101,0.245,5.63,True,Incontro Flotta Deep-Space,2937.99,26.54,Collaborativa,82,0,205,31.19,13,11,3,2,1,10,5,5,0,4,2,2,8529.01,28,1.6,1.6,0.0,False,192,0,11,20,10004.55,monte_carlo_run_905_seed_947.log
906,31,1,1,1,1,-1,948,3101,0.306,3.73,False,Solitudine / Nessun Contatto,,,Nessuna,47,0,47,26.8,4,3,1,1,0,2,2,2,0,2,0,0,8516.14,8,1.6,1.458,-0.142,False,41,0,3,4,4320.03,monte_carlo_run_906_seed_948.log
907,31,1,1,1,1,-1,949,3101,0.578,6.97,True,Incontro Flotta Deep-Space,808.09,9.58,Neutrale,67,0,633,30.12,34,27,4,1,3,30,11,11,0,9,4,4,8558.86,75,1.6,1.6,0.0,False,598,0,39,71,10003.84,monte_carlo_run_907_seed_949.log
908,31,1,1,1,1,-1,950,3101,0.35,6.3,True,Incontro Flotta Deep-Space,416.53,7.19,Collaborativa,14,1,689,37.89,45,28,2,1,1,40,25,25,0,18,15,2,8620.13,83,1.6,1.6,0.0,False,641,0,46,91,10000.67,monte_carlo_run_908_seed_950.log
909,31,1,1,1,1,-1,951,3101,0.357,5.92,True,Incontro Flotta Deep-Space,4143.69,16.57,Ostile,110,1,293,30.69,19,12,3,1,2,15,15,15,0,10,6,2,8562.01,30,1.6,1.572,-0.0278,False,274,0,12,22,10001.25,monte_carlo_run_909_seed_951.log
910,31,1,1,1,1,-1,952,3101,0.239,4.67,True,Incontro Flotta Deep-Space,779.11,8.59,Collaborativa,13,0,150,44.99,10,7,2,1,1,7,7,7,0,4,3,1,8533.44,14,1.6,1.504,-0.0957,False,135,0,4,6,8686.14,monte_carlo_run_910_seed_952.log
911,31,1,1,1,1,-1,953,3101,0.548,7.87,True,Incontro Flotta Deep-Space,1151.53,17.44,Ostile,68,0,322,33.2,17,14,1,1,0,16,15,15,0,11,9,2,8589.44,32,1.588,1.6,0.0122,True,305,0,16,24,10007.03,monte_carlo_run_911_seed_953.log
912,31,1,1,1,1,-1,954,3101,0.24,5.5,True,Incontro Flotta Deep-Space,1913.61,0.0,Diffidente,47,1,402,39.99,25,18,2,1,1,20,8,8,0,6,4,0,8545.56,48,1.6,1.6,0.0,False,377,0,28,45,9023.78,monte_carlo_run_912_seed_954.log
913,31,1,1,1,1,-1,955,3101,0.228,4.79,True,Contatto Planetario / Biofirme,6388.99,31.74,Predatoria,190,0,244,38.75,16,13,2,1,1,13,9,9,0,6,5,1,8532.81,26,1.6,1.6,0.0,False,223,0,11,19,10000.47,monte_carlo_run_913_seed_955.log
914,31,1,1,1,1,-1,956,3101,0.518,9.64,True,Contatto Planetario / Biofirme,13.75,7.12,Predatoria,2,1,531,37.02,38,27,5,1,3,29,24,24,0,14,9,5,8608.24,49,1.6,1.6,0.0,False,493,0,23,44,10004.94,monte_carlo_run_914_seed_956.log
915,31,1,1,1,1,-1,957,3101,0.432,6.54,True,Contatto Planetario / Biofirme,127.57,10.95,Cauta,8,0,683,38.47,39,33,4,1,3,34,26,26,0,17,11,4,8614.17,65,1.6,1.6,0.0,False,644,0,35,62,10000.48,monte_carlo_run_915_seed_957.log
916,31,1,1,1,1,-1,958,3101,0.333,6.71,True,Incontro Flotta Deep-Space,415.75,0.0,Diffidente,18,0,519,38.88,32,19,2,1,1,30,20,20,0,14,7,2,8612.89,67,1.6,1.6,0.0,False,485,0,34,58,10000.57,monte_carlo_run_916_seed_958.log
917,31,1,1,1,1,-1,959,3101,0.262,5.22,True,Incontro Flotta Deep-Space,1767.96,11.93,Collaborativa,35,0,296,23.19,20,15,3,2,1,16,10,10,0,7,4,1,8547.39,24,1.586,1.577,-0.0084,False,277,0,13,21,10000.62,monte_carlo_run_917_seed_959.log
918,31,1,1,1,1,-1,960,3101,0.557,11.6,True,Incontro Flotta Deep-Space,407.93,6.02,Neutrale,28,0,767,33.68,52,38,6,3,2,43,22,22,0,12,7,1,8591.2,89,1.6,1.6,0.0,False,715,0,34,75,7997.89,monte_carlo_run_918_seed_960.log
919,31,1,1,1,1,-1,961,3101,0.286,4.67,False,Solitudine / Nessun Contatto,,,Nessuna,402,0,402,33.12,28,19,1,1,0,25,2,2,0,2,2,0,8517.67,55,1.6,1.6,0.0,False,359,0,59,121,10001.22,monte_carlo_run_919_seed_961.log
920,31,1,1,1,1,-1,962,3101,0.378,5.18,True,Contatto Planetario / Biofirme,1113.87,13.53,Ostile,46,0,490,46.08,26,15,2,1,0,20,10,10,0,10,7,3,8569.52,45,1.6,1.6,0.0,False,460,0,32,54,10000.46,monte_carlo_run_920_seed_962.log
921,31,1,1,1,1,-1,963,3101,0.467,10.0,True,Incontro Flotta Deep-Space,417.44,0.16,Diffidente,13,0,478,37.91,37,25,3,1,2,33,20,20,0,15,10,2,8605.18,74,1.598,1.6,0.0016,True,441,0,39,84,10000.05,monte_carlo_run_921_seed_963.log
922,31,1,1,1,1,-1,964,3101,0.269,3.7,False,Solitudine / Nessun Contatto,,,Nessuna,1,0,1,0.0,3,3,3,1,2,0,0,0,0,0,0,0,8500.0,2,1.0,1.0,0.0,False,0,0,1,2,0.02,monte_carlo_run_922_seed_964.log
923,31,1,1,1,1,-1,965,3101,0.376,4.79,True,Incontro Flotta Deep-Space,2135.95,14.57,Collaborativa,45,1,260,45.2,18,11,2,1,0,15,13,13,0,10,4,6,8571.21,33,1.6,1.6,0.0,False,233,0,26,42,10000.45,monte_carlo_run_923_seed_965.log
924,31,1,1,1,1,-1,966,3101,0.513,6.2,True,Incontro Flotta Deep-Space,1262.98,16.03,Ostile,80,0,435,24.83,23,16,3,2,1,19,12,12,0,7,3,4,8549.23,40,1.6,1.6,0.0,False,410,0,20,38,10010.73,monte_carlo_run_924_seed_966.log
925,31,1,1,1,1,-1,967,3101,0.533,9.21,True,Incontro Flotta Deep-Space,548.53,11.86,Diffidente,25,1,738,37.12,46,28,6,2,4,37,31,31,0,23,15,8,8653.81,88,1.6,1.6,0.0,False,689,0,50,90,10000.78,monte_carlo_run_925_seed_967.log
926,31,1,1,1,1,-1,968,3101,0.392,6.92,True,Incontro Flotta Deep-Space,1250.18,10.8,Diffidente,67,1,387,40.43,20,12,3,1,2,15,15,15,0,11,8,3,8572.03,35,1.6,1.6,0.0,False,366,0,18,26,10000.67,monte_carlo_run_926_seed_968.log
927,31,1,1,1,1,-1,969,3101,0.359,7.34,True,Incontro Flotta Deep-Space,1088.8,11.53,Ostile,35,1,277,34.61,15,9,2,1,1,12,10,10,0,7,3,1,8557.21,23,1.6,1.6,0.0,False,262,0,10,14,10007.33,monte_carlo_run_927_seed_969.log
928,31,1,1,1,1,-1,970,3101,0.524,6.29,True,Incontro Flotta Deep-Space,5842.11,30.94,Neutrale,421,1,596,41.68,33,23,4,2,2,28,15,15,0,8,6,1,8552.08,51,1.6,1.6,0.0,False,561,0,21,38,10000.27,monte_carlo_run_928_seed_970.log
929,31,1,1,1,1,-1,971,3101,0.554,13.81,True,Contatto Planetario / Biofirme,225.45,15.27,Cauta,14,2,779,24.73,43,28,1,1,0,36,7,7,0,5,5,0,8523.44,72,1.491,1.6,0.1089,True,733,0,31,76,10011.18,monte_carlo_run_929_seed_971.log
930,31,1,1,1,1,-1,972,3101,0.425,6.84,True,Incontro Flotta Deep-Space,2958.48,22.07,Diffidente,137,0,473,46.14,27,19,3,1,2,24,16,16,0,8,5,0,8557.11,45,1.6,1.6,0.0,False,446,0,23,45,10003.02,monte_carlo_run_930_seed_972.log
931,32,1,1,1,1,1,973,3101,0.23,3.41,False,Solitudine / Nessun Contatto,,,Nessuna,14,0,14,9.33,2,2,2,2,0,0,0,0,0,0,0,0,8500.0,6,1.072,1.072,0.0,False,11,0,0,1,826.89,monte_carlo_run_931_seed_973.log
932,32,1,1,1,1,1,974,3101,0.552,9.55,True,Incontro Flotta Deep-Space,170.38,0.0,Cauta,22,0,358,26.79,23,18,1,1,0,21,12,12,0,8,4,3,8562.02,55,1.6,1.6,0.0,False,335,0,25,44,10007.09,monte_carlo_run_932_seed_974.log
933,32,1,1,1,1,1,975,3101,0.56,11.46,True,Contatto Planetario / Biofirme,153.01,15.98,Ostile,25,0,1534,36.62,99,73,7,2,1,87,11,11,0,6,6,0,8541.22,225,1.6,1.6,0.0,False,1433,0,134,259,10004.58,monte_carlo_run_933_seed_975.log
934,32,1,1,1,1,1,976,3101,0.366,8.38,True,Contatto Planetario / Biofirme,653.65,13.09,Ostile,68,0,578,35.21,42,29,2,1,1,39,13,13,0,8,3,3,8569.78,90,1.6,1.6,0.0,False,537,0,52,106,10004.04,monte_carlo_run_934_seed_976.log
935,32,1,1,1,1,1,977,3101,0.401,6.91,True,Incontro Flotta Deep-Space,331.29,8.32,Collaborativa,36,0,83,16.52,5,3,2,2,0,2,1,1,0,0,0,0,8501.12,15,1.6,0.934,-0.666,False,78,0,6,6,3151.16,monte_carlo_run_935_seed_977.log
936,32,1,1,1,1,1,978,3101,0.589,10.14,True,Contatto Planetario / Biofirme,228.0,19.56,Diffidente,15,4,822,39.17,52,39,4,1,1,44,22,22,0,18,14,2,8626.77,97,1.6,1.6,0.0,False,770,0,53,106,8995.05,monte_carlo_run_936_seed_978.log
937,32,1,1,1,1,1,979,3101,0.398,9.76,True,Incontro Flotta Deep-Space,53.48,8.79,Ostile,9,0,816,29.02,52,37,4,1,2,45,6,6,0,4,3,1,8533.77,128,1.6,1.6,0.0,False,766,0,108,157,8198.72,monte_carlo_run_937_seed_979.log
938,32,1,1,1,1,1,980,3101,0.422,6.18,False,Solitudine / Nessun Contatto,,,Nessuna,407,0,407,26.92,27,17,2,1,0,22,10,10,0,5,3,2,8540.15,50,1.6,1.499,-0.1007,False,380,0,27,43,10003.37,monte_carlo_run_938_seed_980.log
939,32,1,1,1,1,1,981,3101,0.326,4.5,False,Solitudine / Nessun Contatto,,,Nessuna,6,0,6,11.2,1,1,1,1,0,0,0,0,0,0,0,0,8500.0,2,1.008,1.008,0.0,False,3,0,0,0,294.59,monte_carlo_run_939_seed_981.log
940,32,1,1,1,1,1,982,3101,0.3,5.91,True,Incontro Flotta Deep-Space,1410.65,17.99,Biosfera Primitiva,42,0,472,56.36,31,25,3,1,2,28,25,25,0,17,11,4,8615.02,61,1.6,1.6,0.0,False,439,0,27,50,10001.96,monte_carlo_run_940_seed_982.log
941,32,1,1,1,1,1,983,3101,0.333,4.8,True,Incontro Flotta Deep-Space,3016.58,8.82,Neutrale,71,1,234,48.76,13,10,2,1,1,10,9,9,0,6,2,4,8537.8,20,1.6,1.6,0.0,False,216,0,7,10,10005.43,monte_carlo_run_941_seed_983.log
942,32,1,1,1,1,1,984,3101,0.228,4.4,True,Incontro Flotta Deep-Space,1029.52,9.15,Ostile,23,0,365,45.67,20,14,2,1,1,18,13,13,0,8,4,3,8557.01,28,1.6,1.6,0.0,False,320,0,7,18,10000.21,monte_carlo_run_942_seed_984.log
943,32,1,1,1,1,1,985,3101,0.218,4.85,False,Solitudine / Nessun Contatto,,,Nessuna,270,0,270,4.19,14,10,2,1,1,11,0,0,0,0,0,0,8500.0,29,1.6,1.6,0.0,False,245,0,7,16,10000.21,monte_carlo_run_943_seed_985.log
944,32,1,1,1,1,1,986,3101,0.426,9.25,True,Incontro Flotta Deep-Space,0.02,9.11,Collaborativa,2,0,725,29.34,49,36,2,1,0,44,3,3,0,3,3,0,8517.95,123,1.6,1.6,0.0,False,678,0,74,148,10003.51,monte_carlo_run_944_seed_986.log
945,32,1,1,1,1,1,987,3101,0.239,3.62,False,Solitudine / Nessun Contatto,,,Nessuna,14,0,14,0.0,2,2,2,2,0,0,0,0,0,0,0,0,8500.0,6,1.023,1.023,0.0,False,10,0,1,1,555.18,monte_carlo_run_945_seed_987.log
946,32,1,1,1,1,1,988,3101,0.416,6.48,True,Incontro Flotta Deep-Space,393.82,8.33,Ostile,49,0,593,14.28,50,36,4,2,2,43,4,4,0,2,2,0,8515.77,117,1.6,1.376,-0.2237,False,538,0,81,137,8520.94,monte_carlo_run_946_seed_988.log
947,32,1,1,1,1,1,989,3101,0.469,11.59,True,Contatto Planetario / Biofirme,30.52,7.68,Diffidente,7,0,550,8.47,39,26,4,1,3,28,1,1,0,1,1,0,8506.56,79,1.6,1.6,0.0,False,510,0,36,72,10008.16,monte_carlo_run_947_seed_989.log
948,32,1,1,1,1,1,990,3101,0.504,12.22,True,Incontro Flotta Deep-Space,1189.17,0.0,Biosfera Primitiva,92,0,160,13.94,7,6,1,1,0,6,4,4,0,4,2,1,8525.61,18,1.321,1.6,0.2795,True,152,0,15,20,3517.5,monte_carlo_run_948_seed_990.log
949,32,1,1,1,1,1,991,3101,0.453,9.94,True,Incontro Flotta Deep-Space,747.6,19.66,Neutrale,124,0,396,24.42,25,19,3,1,2,20,8,8,0,7,6,1,8538.66,62,1.6,1.6,0.0,False,369,0,40,63,6480.31,monte_carlo_run_949_seed_991.log
950,32,1,1,1,1,1,992,3101,0.496,8.91,True,Incontro Flotta Deep-Space,43.1,13.98,Collaborativa,7,0,672,25.05,48,34,2,1,1,43,12,12,0,10,5,5,8567.02,116,1.6,1.6,0.0,False,623,0,81,137,7938.16,monte_carlo_run_950_seed_992.log
951,32,1,1,1,1,1,993,3101,0.247,3.18,False,Solitudine / Nessun Contatto,,,Nessuna,5,0,5,4.5,1,1,1,1,0,0,0,0,0,0,0,0,8500.0,2,1.008,1.008,0.0,False,4,0,0,0,213.5,monte_carlo_run_951_seed_993.log
952,32,1,1,1,1,1,994,3101,0.377,9.39,False,Solitudine / Nessun Contatto,,,Nessuna,457,0,457,30.55,27,20,6,2,3,20,4,4,0,2,1,0,8512.56,56,1.6,1.477,-0.1233,False,429,0,27,51,10009.81,monte_carlo_run_952_seed_994.log
953,32,1,1,1,1,1,995,3101,0.305,4.97,True,Incontro Flotta Deep-Space,293.33,0.0,Diffidente,22,0,69,26.31,5,4,3,2,1,1,1,1,0,1,1,0,8506.58,11,1.6,1.405,-0.1946,False,63,0,3,3,3472.06,monte_carlo_run_953_seed_995.log
954,32,1,1,1,1,1,996,3101,0.505,12.49,True,Incontro Flotta Deep-Space,412.4,7.01,Neutrale,17,1,829,28.53,56,44,2,1,0,51,15,15,0,13,6,4,8588.36,139,1.6,1.6,0.0,False,771,0,102,160,10005.47,monte_carlo_run_954_seed_996.log
955,32,1,1,1,1,1,997,3101,0.539,12.12,True,Incontro Flotta Deep-Space,614.69,8.49,Biosfera Primitiva,98,1,538,22.15,43,31,3,1,2,36,5,5,0,4,3,1,8532.69,104,1.6,1.6,0.0,False,494,0,58,123,6663.5,monte_carlo_run_955_seed_997.log
956,32,1,1,1,1,1,998,3101,0.55,10.74,True,Incontro Flotta Deep-Space,36.77,9.09,Collaborativa,9,0,687,28.4,40,33,6,2,3,31,6,6,0,4,3,1,8531.91,90,1.6,1.6,0.0,False,645,0,51,81,7832.82,monte_carlo_run_956_seed_998.log
957,32,1,1,1,1,1,999,3101,0.372,5.35,True,Incontro Flotta Deep-Space,633.9,3.16,Biosfera Primitiva,30,0,440,38.24,19,12,2,1,1,17,15,15,0,11,5,4,8585.53,43,1.6,1.6,0.0,False,418,0,22,31,10000.35,monte_carlo_run_957_seed_999.log
958,32,1,1,1,1,1,1000,3101,0.45,8.7,True,Incontro Flotta Deep-Space,4171.59,33.65,Diffidente,159,2,570,42.0,33,24,3,1,1,28,18,18,0,11,9,1,8567.24,64,1.6,1.6,0.0,False,536,0,22,45,10001.43,monte_carlo_run_958_seed_1000.log
959,32,1,1,1,1,1,1001,3101,0.269,5.87,True,Contatto Planetario / Biofirme,94.21,10.77,Cauta,12,0,535,47.74,39,30,5,1,3,33,18,18,0,8,4,0,8545.46,49,1.6,1.6,0.0,False,496,0,20,33,10002.75,monte_carlo_run_959_seed_1001.log
960,32,1,1,1,1,1,1002,3101,0.501,9.19,True,Contatto Planetario / Biofirme,1078.95,15.1,Collaborativa,81,0,237,19.74,14,12,3,1,2,10,9,9,0,5,2,2,8536.44,23,1.6,1.6,0.0,False,222,0,8,13,7925.75,monte_carlo_run_960_seed_1002.log
961,33,0,0,0,0,0,1003,3101,0.163,3.19,False,Solitudine / Nessun Contatto,,,Nessuna,4,0,4,4.86,1,1,1,1,0,0,0,0,0,0,0,0,8500.0,2,1.004,1.004,0.0,False,2,0,0,0,211.83,monte_carlo_run_961_seed_1003.log
962,33,0,0,0,0,0,1004,3101,0.161,2.02,False,Solitudine / Nessun Contatto,,,Nessuna,1,0,1,0.0,1,1,1,1,0,0,0,0,0,0,0,0,8500.0,2,1.0,1.0,0.0,False,0,0,0,0,0.02,monte_carlo_run_962_seed_1004.log
963,33,0,0,0,0,0,1005,3101,0.228,5.6,True,Incontro Flotta Deep-Space,1901.84,7.67,Biosfera Primitiva,72,0,108,12.05,12,9,2,2,0,9,3,3,0,3,3,0,8519.45,31,1.444,1.6,0.1555,True,96,0,29,40,4339.04,monte_carlo_run_963_seed_1005.log
964,33,0,0,0,0,0,1006,3101,0.206,3.28,False,Solitudine / Nessun Contatto,,,Nessuna,35,0,35,19.85,4,4,2,2,0,2,2,2,0,2,1,1,8510.39,12,1.563,1.448,-0.1147,False,26,0,5,5,3060.4,monte_carlo_run_964_seed_1006.log
965,33,0,0,0,0,0,1007,3101,0.204,3.87,False,Solitudine / Nessun Contatto,,,Nessuna,7,0,7,2.95,2,2,2,2,0,0,0,0,0,0,0,0,8500.0,5,1.011,1.011,0.0,False,4,0,1,1,166.18,monte_carlo_run_965_seed_1007.log
966,33,0,0,0,0,0,1008,3101,0.344,5.34,True,Contatto Planetario / Biofirme,2017.89,31.63,Diffidente,87,1,574,33.34,48,38,3,2,1,41,9,9,0,7,5,2,8543.43,92,1.6,1.6,0.0,False,520,0,63,116,10005.68,monte_carlo_run_966_seed_1008.log
967,33,0,0,0,0,0,1009,3101,0.32,6.71,True,Contatto Planetario / Biofirme,1110.72,13.79,Ostile,46,0,558,35.27,65,43,6,1,5,57,31,31,0,18,13,4,8630.14,110,1.6,1.6,0.0,False,491,0,94,150,10000.05,monte_carlo_run_967_seed_1009.log
968,33,0,0,0,0,0,1010,3101,0.126,2.72,False,Solitudine / Nessun Contatto,,,Nessuna,1,0,1,0.0,2,2,2,1,1,0,0,0,0,0,0,0,8500.0,2,1.0,1.0,0.0,False,0,0,0,1,0.02,monte_carlo_run_968_seed_1010.log
969,33,0,0,0,0,0,1011,3101,0.321,5.47,True,Incontro Flotta Deep-Space,294.55,5.44,Predatoria,17,0,17,13.23,5,4,3,0,3,2,1,1,0,1,1,0,8505.61,7,0.834,1.105,0.2705,True,13,0,3,10,564.49,monte_carlo_run_969_seed_1011.log
970,33,0,0,0,0,0,1012,3101,0.271,5.96,True,Incontro Flotta Deep-Space,396.85,3.51,Neutrale,39,0,371,22.38,37,27,6,2,3,30,13,13,0,5,4,1,8529.76,56,1.577,1.594,0.0168,True,334,0,40,62,5952.21,monte_carlo_run_970_seed_1012.log
971,33,0,0,0,0,0,1013,3101,0.285,6.02,True,Incontro Flotta Deep-Space,467.29,0.0,Diffidente,51,0,743,15.33,76,54,8,2,5,59,1,1,0,1,1,0,8506.36,130,1.6,1.6,0.0,False,664,0,110,170,10002.36,monte_carlo_run_971_seed_1013.log
972,33,0,0,0,0,0,1014,3101,0.321,7.38,True,Contatto Planetario / Biofirme,185.86,14.65,Cauta,11,1,713,33.95,66,56,9,1,8,56,24,24,0,17,11,3,8635.26,120,1.6,1.6,0.0,False,642,0,96,199,10000.56,monte_carlo_run_972_seed_1014.log
973,33,0,0,0,0,0,1015,3101,0.15,1.96,False,Solitudine / Nessun Contatto,,,Nessuna,1,0,1,0.0,1,1,1,1,0,0,0,0,0,0,0,0,8500.0,2,1.0,1.0,0.0,False,0,0,0,0,0.02,monte_carlo_run_973_seed_1015.log
974,33,0,0,0,0,0,1016,3101,0.255,3.52,False,Solitudine / Nessun Contatto,,,Nessuna,5,0,5,6.74,1,1,1,1,0,0,0,0,0,0,0,0,8500.0,2,1.004,1.004,0.0,False,2,0,0,0,199.84,monte_carlo_run_974_seed_1016.log
975,33,0,0,0,0,0,1017,3101,0.234,3.99,False,Solitudine / Nessun Contatto,,,Nessuna,1,0,1,0.0,1,1,1,1,0,0,0,0,0,0,0,0,8500.0,2,1.0,1.0,0.0,False,0,0,0,0,0.02,monte_carlo_run_975_seed_1017.log
976,33,0,0,0,0,0,1018,3101,0.317,5.96,True,Incontro Flotta Deep-Space,1169.67,8.45,Collaborativa,39,1,516,35.04,49,32,7,3,4,40,17,17,0,10,8,1,8557.74,74,1.6,1.6,0.0,False,467,0,40,82,10001.51,monte_carlo_run_976_seed_1018.log
977,33,0,0,0,0,0,1019,3101,0.321,3.91,True,Incontro Flotta Deep-Space,484.53,9.05,Collaborativa,19,0,23,14.45,3,3,1,1,0,2,2,2,0,2,0,2,8517.39,8,1.386,1.401,0.0148,True,18,0,3,3,2363.82,monte_carlo_run_977_seed_1019.log
978,33,0,0,0,0,0,1020,3101,0.267,3.29,False,Solitudine / Nessun Contatto,,,Nessuna,3,0,3,2.94,2,2,1,1,0,1,1,1,0,0,0,0,8500.33,2,1.0,0.838,-0.1625,False,0,0,0,0,125.85,monte_carlo_run_978_seed_1020.log
979,33,0,0,0,0,0,1021,3101,0.237,3.76,False,Solitudine / Nessun Contatto,,,Nessuna,2,0,2,3.54,1,1,1,1,0,0,0,0,0,0,0,0,8500.0,2,1.0,1.0,0.0,False,0,0,0,0,108.54,monte_carlo_run_979_seed_1021.log
980,33,0,0,0,0,0,1022,3101,0.148,2.25,False,Solitudine / Nessun Contatto,,,Nessuna,2,0,2,0.0,2,2,2,2,0,0,0,0,0,0,0,0,8500.0,4,1.0,1.0,0.0,False,0,0,1,1,0.04,monte_carlo_run_980_seed_1022.log
981,33,0,0,0,0,0,1023,3101,0.342,7.63,True,Incontro Flotta Deep-Space,1017.88,11.92,Ostile,51,2,1098,29.85,123,94,13,1,11,103,14,14,0,10,6,3,8580.92,224,1.6,1.6,0.0,False,972,0,154,337,9437.06,monte_carlo_run_981_seed_1023.log
982,33,0,0,0,0,0,1024,3101,0.335,6.09,True,Incontro Flotta Deep-Space,985.79,8.81,Diffidente,38,0,674,28.26,64,46,5,1,3,56,12,12,0,10,7,3,8558.97,141,1.526,1.6,0.074,True,608,0,99,183,10000.45,monte_carlo_run_982_seed_1024.log
983,33,0,0,0,0,0,1025,3101,0.143,2.17,False,Solitudine / Nessun Contatto,,,Nessuna,2,0,2,0.0,2,2,2,2,0,0,0,0,0,0,0,0,8500.0,4,1.0,1.0,0.0,False,0,0,1,1,0.04,monte_carlo_run_983_seed_1025.log
984,33,0,0,0,0,0,1026,3101,0.2,4.06,False,Solitudine / Nessun Contatto,,,Nessuna,11,0,11,3.27,3,3,2,2,0,1,0,0,0,0,0,0,8500.0,7,1.03,1.03,0.0,False,7,0,2,3,532.61,monte_carlo_run_984_seed_1026.log
985,33,0,0,0,0,0,1027,3101,0.291,7.26,True,Contatto Planetario / Biofirme,6.54,1.9,Cauta,2,0,148,20.9,26,18,6,1,5,20,8,8,0,6,3,2,8549.82,35,1.6,1.595,-0.0046,False,122,0,30,36,3368.28,monte_carlo_run_985_seed_1027.log
986,33,0,0,0,0,0,1028,3101,0.203,2.53,False,Solitudine / Nessun Contatto,,,Nessuna,1,0,1,0.0,1,1,1,1,0,0,0,0,0,0,0,0,8500.0,2,1.0,1.0,0.0,False,0,0,0,0,0.02,monte_carlo_run_986_seed_1028.log
987,33,0,0,0,0,0,1029,3101,0.287,5.87,True,Incontro Flotta Deep-Space,417.47,3.86,Neutrale,25,0,195,21.01,21,15,2,1,1,15,5,5,0,3,2,0,8521.59,33,1.566,1.557,-0.009,False,173,0,22,36,5318.31,monte_carlo_run_987_seed_1029.log
988,33,0,0,0,0,0,1030,3101,0.123,1.6,False,Solitudine / Nessun Contatto,,,Nessuna,1,0,1,0.0,2,2,2,1,1,0,0,0,0,0,0,0,8500.0,2,1.0,1.0,0.0,False,0,0,1,1,0.02,monte_carlo_run_988_seed_1030.log
989,33,0,0,0,0,0,1031,3101,0.309,5.43,True,Incontro Flotta Deep-Space,847.94,10.82,Ostile,26,2,356,30.4,38,28,2,1,1,32,18,18,0,14,8,3,8585.31,76,1.581,1.6,0.0187,True,317,0,54,92,10001.62,monte_carlo_run_989_seed_1031.log
990,33,0,0,0,0,0,1032,3101,0.215,4.26,False,Solitudine / Nessun Contatto,,,Nessuna,6,0,6,8.58,3,3,3,0,3,0,0,0,0,0,0,0,8500.0,1,0.87,0.87,0.0,False,5,0,1,2,417.38,monte_carlo_run_990_seed_1032.log
991,34,0,0,0,0,0,1033,3101,0.157,3.31,False,Solitudine / Nessun Contatto,,,Nessuna,1,0,1,0.0,1,1,1,1,0,0,0,0,0,0,0,0,8500.0,2,1.0,1.0,0.0,False,0,0,0,0,0.02,monte_carlo_run_991_seed_1033.log
992,34,0,0,0,0,0,1034,3101,0.169,2.51,False,Solitudine / Nessun Contatto,,,Nessuna,2,0,2,2.05,1,1,1,1,0,0,0,0,0,0,0,0,8500.0,2,1.0,1.0,0.0,False,0,0,0,0,48.53,monte_carlo_run_992_seed_1034.log
993,34,0,0,0,0,0,1035,3101,0.203,3.64,False,Solitudine / Nessun Contatto,,,Nessuna,12,0,12,3.16,4,4,3,1,2,1,1,1,0,1,0,0,8504.87,6,0.81,1.186,0.3763,True,7,0,2,5,488.05,monte_carlo_run_993_seed_1035.log
994,34,0,0,0,0,0,1036,3101,0.177,3.5,False,Solitudine / Nessun Contatto,,,Nessuna,8,0,8,7.88,3,3,1,1,0,2,2,2,0,1,0,0,8504.55,3,1.018,1.165,0.1466,True,2,0,1,1,603.32,monte_carlo_run_994_seed_1036.log
995,34,0,0,0,0,0,1037,3101,0.269,5.37,True,Incontro Flotta Deep-Space,2383.59,13.27,Neutrale,89,0,668,33.87,53,43,7,3,4,46,9,9,0,8,4,2,8553.12,109,1.598,1.6,0.0022,True,609,0,77,136,10003.91,monte_carlo_run_995_seed_1037.log
996,34,0,0,0,0,0,1038,3101,0.334,4.73,False,Solitudine / Nessun Contatto,,,Nessuna,2,0,2,2.61,1,1,1,1,0,0,0,0,0,0,0,0,8500.0,2,1.0,1.0,0.0,False,0,0,0,0,31.3,monte_carlo_run_996_seed_1038.log
997,34,0,0,0,0,0,1039,3101,0.338,7.11,True,Contatto Planetario / Biofirme,371.84,9.37,Cauta,15,1,576,19.18,73,53,8,1,7,62,9,9,0,7,5,0,8544.02,138,1.6,1.6,0.0,False,498,0,133,225,8635.83,monte_carlo_run_997_seed_1039.log
998,34,0,0,0,0,0,1040,3101,0.132,2.32,False,Solitudine / Nessun Contatto,,,Nessuna,2,0,2,1.97,2,2,2,1,1,0,0,0,0,0,0,0,8500.0,2,1.004,1.004,0.0,False,0,0,1,1,87.0,monte_carlo_run_998_seed_1040.log
999,34,0,0,0,0,0,1041,3101,0.236,5.61,True,Incontro Flotta Deep-Space,3208.52,10.71,Neutrale,115,0,597,27.15,62,45,7,1,6,55,13,13,0,9,8,1,8544.0,109,1.55,1.6,0.0497,True,535,0,85,162,10011.01,monte_carlo_run_999_seed_1041.log
1000,34,0,0,0,0,0,1042,3101,0.198,3.88,True,Incontro Flotta Deep-Space,480.93,4.63,Collaborativa,15,0,15,7.45,4,2,2,2,0,1,1,1,0,1,0,0,8505.87,6,1.089,1.253,0.1642,True,9,0,3,5,653.06,monte_carlo_run_1000_seed_1042.log
1001,34,0,0,0,0,0,1043,3101,0.256,3.37,False,Solitudine / Nessun Contatto,,,Nessuna,8,0,8,7.99,2,2,2,0,2,0,0,0,0,0,0,0,8500.0,2,0.943,0.943,0.0,False,5,0,0,1,409.45,monte_carlo_run_1001_seed_1043.log
1002,34,0,0,0,0,0,1044,3101,0.214,4.25,False,Solitudine / Nessun Contatto,,,Nessuna,1,0,1,0.0,1,1,1,1,0,0,0,0,0,0,0,0,8500.0,2,1.0,1.0,0.0,False,0,0,0,0,0.02,monte_carlo_run_1002_seed_1044.log
1003,34,0,0,0,0,0,1045,3101,0.239,3.59,False,Solitudine / Nessun Contatto,,,Nessuna,3,0,3,2.84,1,1,1,1,0,0,0,0,0,0,0,0,8500.0,2,1.004,1.004,0.0,False,2,0,0,0,178.95,monte_carlo_run_1003_seed_1045.log
1004,34,0,0,0,0,0,1046,3101,0.208,4.28,True,Incontro Flotta Deep-Space,512.57,11.05,Collaborativa,30,0,328,34.12,30,16,3,1,1,24,9,9,0,6,3,1,8552.75,47,1.578,1.6,0.0224,True,269,0,34,47,10001.11,monte_carlo_run_1004_seed_1046.log
1005,34,0,0,0,0,0,1047,3101,0.146,2.02,False,Solitudine / Nessun Contatto,,,Nessuna,1,0,1,0.0,1,1,1,1,0,0,0,0,0,0,0,0,8500.0,2,1.0,1.0,0.0,False,0,0,0,0,0.02,monte_carlo_run_1005_seed_1047.log
1006,34,0,0,0,0,0,1048,3101,0.142,2.56,False,Solitudine / Nessun Contatto,,,Nessuna,5,0,5,1.1,3,3,3,3,0,0,0,0,0,0,0,0,8500.0,6,1.002,1.002,0.0,False,0,0,1,2,34.4,monte_carlo_run_1006_seed_1048.log
1007,34,0,0,0,0,0,1049,3101,0.347,8.64,True,Contatto Planetario / Biofirme,72.27,12.78,Collaborativa,9,0,467,20.62,54,40,6,1,4,45,11,11,0,8,4,4,8552.46,112,1.543,1.6,0.0567,True,411,0,85,163,5790.87,monte_carlo_run_1007_seed_1049.log
1008,34,0,0,0,0,0,1050,3101,0.249,6.05,True,Incontro Flotta Deep-Space,208.37,5.72,Predatoria,19,0,625,14.2,66,48,6,3,1,57,0,0,0,0,0,0,8500.0,127,1.6,1.6,0.0,False,558,0,97,187,10002.3,monte_carlo_run_1008_seed_1050.log
1009,34,0,0,0,0,0,1051,3101,0.152,2.96,False,Solitudine / Nessun Contatto,,,Nessuna,3,0,3,0.0,3,3,3,3,0,0,0,0,0,0,0,0,8500.0,7,1.0,1.0,0.0,False,0,0,1,2,0.06,monte_carlo_run_1009_seed_1051.log
1010,34,0,0,0,0,0,1052,3101,0.265,5.4,True,Incontro Flotta Deep-Space,1672.55,19.62,Ostile,130,0,388,23.17,37,28,4,1,2,30,5,5,0,3,3,0,8519.74,57,1.508,1.6,0.0917,True,348,0,26,66,10001.7,monte_carlo_run_1010_seed_1052.log
1011,34,0,0,0,0,0,1053,3101,0.155,2.35,False,Solitudine / Nessun Contatto,,,Nessuna,2,0,2,1.34,2,2,2,1,1,0,0,0,0,0,0,0,8500.0,2,1.002,1.002,0.0,False,0,0,1,1,34.62,monte_carlo_run_1011_seed_1053.log
1012,34,0,0,0,0,0,1054,3101,0.302,6.32,True,Incontro Flotta Deep-Space,418.76,5.34,Collaborativa,43,0,106,19.19,12,8,2,1,0,9,4,4,0,2,1,1,8516.88,17,1.6,1.562,-0.0379,False,94,0,9,12,3261.47,monte_carlo_run_1012_seed_1054.log
1013,34,0,0,0,0,0,1055,3101,0.299,4.04,True,Incontro Flotta Deep-Space,522.38,20.19,Cauta,32,0,43,26.24,7,6,2,2,0,5,3,3,0,2,1,0,8514.29,15,1.515,1.354,-0.1603,False,34,0,7,10,3623.64,monte_carlo_run_1013_seed_1055.log
1014,34,0,0,0,0,0,1056,3101,0.266,4.37,True,Incontro Flotta Deep-Space,1231.51,13.75,Diffidente,30,0,210,48.31,20,12,3,1,2,14,10,10,0,6,4,2,8535.5,32,1.6,1.6,0.0,False,179,0,26,30,10002.8,monte_carlo_run_1014_seed_1056.log
1015,34,0,0,0,0,0,1057,3101,0.13,2.81,False,Solitudine / Nessun Contatto,,,Nessuna,4,0,4,2.02,3,3,3,3,0,0,0,0,0,0,0,0,8500.0,6,1.004,1.004,0.0,False,0,0,1,3,90.13,monte_carlo_run_1015_seed_1057.log
1016,34,0,0,0,0,0,1058,3101,0.26,4.48,True,Contatto Planetario / Biofirme,162.1,4.98,Collaborativa,16,0,26,12.42,6,3,2,0,2,2,1,1,0,1,0,0,8509.07,5,0.899,1.211,0.3119,True,19,0,3,4,918.3,monte_carlo_run_1016_seed_1058.log
1017,34,0,0,0,0,0,1059,3101,0.317,7.84,True,Incontro Flotta Deep-Space,421.99,0.0,Neutrale,12,0,374,27.5,45,34,5,1,4,39,10,10,0,9,7,1,8553.91,110,1.6,1.6,0.0,False,327,0,97,187,7515.66,monte_carlo_run_1017_seed_1059.log
1018,34,0,0,0,0,0,1060,3101,0.239,4.89,True,Incontro Flotta Deep-Space,893.95,8.62,Neutrale,43,0,323,27.28,31,25,2,2,0,26,6,6,0,4,3,1,8536.35,65,1.53,1.6,0.07,True,286,0,42,75,8772.8,monte_carlo_run_1018_seed_1060.log
1019,34,0,0,0,0,0,1061,3101,0.284,5.56,True,Incontro Flotta Deep-Space,1314.9,10.49,Diffidente,114,0,468,21.94,44,28,9,2,5,35,4,4,0,3,1,2,8525.82,83,1.6,1.6,0.0,False,424,0,50,94,8194.33,monte_carlo_run_1019_seed_1061.log
1020,34,0,0,0,0,0,1062,3101,0.247,3.71,False,Solitudine / Nessun Contatto,,,Nessuna,8,0,8,2.35,3,3,3,2,1,0,0,0,0,0,0,0,8500.0,4,1.019,1.019,0.0,False,5,0,1,2,407.26,monte_carlo_run_1020_seed_1062.log
